-0.0217937007546425 4.44467985971642E-07
0.0118789998814464 1.34453998157369E-07
0.0455720014870167 2.01545003619685E-06
0.0792862996459007 6.21541994405561E-06
0.113022997975349 1.28720002976479E-05
0.146782994270325 2.21333993977169E-05
0.180566996335983 3.41595987265464E-05
0.214377999305725 4.91231985506602E-05
0.24821600317955 6.72113019390963E-05
0.282083004713058 8.86261987034231E-05
0.315979987382889 0.000113588001113385
0.349909991025925 0.000142335004056804
0.383872985839844 0.000175128996488638
0.417872995138168 0.000212254002690315
0.451911985874176 0.00025402000756003
0.485989987850189 0.000300768006127328
0.520112991333008 0.000352873001247644
0.554280996322632 0.000410748005378991
0.588499009609222 0.000474845990538597
0.622768998146057 0.000545672024600208
0.657095015048981 0.000623784027993679
0.691480994224548 0.000709804007783532
0.725930988788605 0.000804425973910838
0.760451018810272 0.000908427988179028
0.795044004917145 0.00102267996408045
0.829717993736267 0.00114816997665912
0.864479005336761 0.00128602003678679
0.899333000183105 0.00143747997935861
0.934288024902344 0.00160401000175625
0.969353020191193 0.00178725994192064
1.00453996658325 0.00198914995416999
1.03984999656677 0.00221189996227622
1.07530999183655 0.00245808996260166
1.11091995239258 0.00273075001314282
1.14671003818512 0.00303347990848124
1.18268001079559 0.00337053998373449
1.21886003017426 0.0037470399402082
1.25525999069214 0.0041691898368299
1.29191994667053 0.00464456994086504
1.32885003089905 0.00518252002075315
1.3660900592804 0.00579473981633782
1.40366005897522 0.00649602990597486
1.44159996509552 0.00730533991008997
1.4799200296402 0.00824735034257174
1.51864004135132 0.00935463979840279
1.5577700138092 0.0106709003448486
1.59723997116089 0.0122554004192352
1.63690996170044 0.014189500361681
1.67648994922638 0.016584100201726
1.71536004543304 0.0195867996662855
1.75244998931885 0.0233807992190123
1.78609001636505 0.0281604994088411
1.81418001651764 0.0340780988335609
1.83484995365143 0.0411905013024807
1.8471200466156 0.0494626984000206
1.85106003284454 0.0588212013244629
1.84947001934052 0.0655381977558136
1.84142005443573 0.0765654966235161
1.82754004001617 0.0885606035590172
1.80883002281189 0.101521000266075
1.78620994091034 0.115461997687817
1.76046001911163 0.130410000681877
1.73224997520447 0.14640299975872
1.70214998722076 0.163484007120132
1.67067003250122 0.181703999638557
1.63822996616364 0.201116994023323
1.60522997379303 0.221781998872757
1.57202994823456 0.243757992982864
1.53898000717163 0.267109006643295
1.50642001628876 0.291900008916855
1.47470998764038 0.318199992179871
1.44427001476288 0.346085995435715
1.41557002067566 0.375638991594315
1.38920998573303 0.406949013471603
1.36599004268646 0.440104991197586
1.34702003002167 0.475172013044357
1.33393001556396 0.512113988399506
1.32895004749298 0.550593972206116
1.32895004749298 0.550638020038605
1.33486998081207 0.589632987976074
1.3537700176239 0.627099990844727
1.38513994216919 0.660655975341797
1.42594003677368 0.689074993133545
1.4728000164032 0.712599992752075
1.52332997322083 0.732101023197174
1.57608997821808 0.748456001281738
1.63025999069214 0.762367010116577
1.68534994125366 0.77436101436615
1.74106001853943 0.784828007221222
1.79721999168396 0.794058978557587
1.85369002819061 0.802272975444794
1.91040003299713 0.809641003608704
1.96728003025055 0.816295027732849
2.02430009841919 0.82234001159668
2.08142995834351 0.827862024307251
2.13864994049072 0.832929015159607
2.19593000411987 0.837598025798798
2.25326991081238 0.841917991638184
2.31065011024475 0.845927000045776
2.36806988716125 0.849660992622375
2.4255199432373 0.853146970272064
2.48300004005432 0.856410980224609
2.5404999256134 0.859474003314972
2.59801006317139 0.86235499382019
2.65555000305176 0.865069985389709
2.71309995651245 0.867633998394012
2.77065992355347 0.87006002664566
2.8282299041748 0.872358024120331
2.88580989837646 0.874539971351624
2.92421007156372 0.875932991504669
2.94980001449585 0.876837015151978
2.96687006950378 0.877427995204926
2.97824001312256 0.877817988395691
2.98583006858826 0.878076016902924
2.99089002609253 0.878246009349823
2.99426007270813 0.878359973430634
2.99650001525879 0.878435015678406
2.99799990653992 0.878485977649689
3 0.878552973270416
3 0.878552973270416
3.00200009346008 0.878619015216827
3.00349998474121 0.878669023513794
3.00573992729187 0.878744006156921
3.00910997390747 0.878856003284454
3.01416993141174 0.879024028778076
3.02175998687744 0.879274010658264
3.03313994407654 0.879646003246307
3.05019998550415 0.880198001861572
3.07580995559692 0.881011009216309
3.1142098903656 0.882200002670288
3.17181992530823 0.883916974067688
3.22943997383118 0.885559022426605
3.28706002235413 0.887130975723267
3.3446900844574 0.888637006282806
3.40231990814209 0.890082001686096
3.45994997024536 0.891470015048981
3.51758003234863 0.892803013324738
3.57522010803223 0.894084990024567
3.66166996955872 0.895919024944305
3.74814009666443 0.897652983665466
3.83459997177124 0.8992959856987
3.92107009887695 0.900856018066406
4.00754022598267 0.90233701467514
4.09401988983154 0.903747022151947
4.18049001693726 0.905089020729065
4.26697015762329 0.906369984149933
4.36695003509521 0.907778978347778
4.46692991256714 0.90911602973938
4.56691980361938 0.910387992858887
4.66690015792847 0.911598980426788
4.76689004898071 0.912751972675323
4.86686992645264 0.913852989673615
4.96685981750488 0.9149050116539
5.06685018539429 0.915910005569458
