-0.0145955998450518 1.79530999844246E-07
0.0357825011014938 1.10621999738214E-06
0.0861957967281342 6.58452017887612E-06
0.136647000908852 1.69849008671008E-05
0.170303001999855 2.68535004579462E-05
0.203977003693581 3.9223101339303E-05
0.237672001123428 5.42353991477285E-05
0.271385997533798 7.20426978659816E-05
0.30512198805809 9.28087029024027E-05
0.338880985975266 0.000116709998110309
0.372662991285324 0.000143936995300464
0.406470000743866 0.000174693996086717
0.44030299782753 0.000209204998100176
0.474164009094238 0.000247710006078705
0.50805401802063 0.000290471012704074
0.541974008083344 0.000337772013153881
0.575926005840302 0.000389922002796084
0.609912991523743 0.000447261991212144
0.643935024738312 0.000510159006807953
0.677995979785919 0.000579020997975022
0.712096989154816 0.000654292991384864
0.746240973472595 0.000736464979127049
0.780430018901825 0.000826081028208137
0.814667999744415 0.000923738989513367
0.848958015441895 0.00103011005558074
0.883302986621857 0.00114592001773417
0.91770601272583 0.00127202004659921
0.952172994613647 0.00140933005604893
0.986706972122192 0.00155887997243553
1.02130997180939 0.00172187003772706
1.05599999427795 0.00189962005242705
1.09075999259949 0.00209365994669497
1.12562000751495 0.00230572000145912
1.16057002544403 0.00253779999911785
1.19562995433807 0.00279221008531749
1.23080003261566 0.00307162990793586
1.26609003543854 0.00337919988669455
1.30151998996735 0.0037186099216342
1.33708000183105 0.0040942202322185
1.37281000614166 0.00451127998530865
1.40869998931885 0.00497609982267022
1.44476997852325 0.00549635011702776
1.48104000091553 0.00608148006722331
1.5175199508667 0.00674328021705151
1.5542299747467 0.00749660981819034
1.59116005897522 0.00836046040058136
1.62834000587463 0.0093595702201128
1.66572999954224 0.0105266002938151
1.70332002639771 0.011905699968338
1.74100995063782 0.013557099737227
1.77863001823425 0.0155651997774839
1.81584000587463 0.0180484000593424
1.85199999809265 0.0211720000952482
1.88593995571136 0.0251550003886223
1.91575002670288 0.0302476994693279
1.93891000747681 0.0366494990885258
1.95318996906281 0.0443959012627602
1.95783996582031 0.0533545985817909
1.95731997489929 0.0566864013671875
1.95036995410919 0.0670028030872345
1.93654000759125 0.0781992003321648
1.91724002361298 0.0902324020862579
1.89364004135132 0.103097997605801
1.86665999889374 0.116815000772476
1.83703994750977 0.131412997841835
1.80535995960236 0.146929994225502
1.77208995819092 0.163405999541283
1.73763000965118 0.18088099360466
1.70229005813599 0.199395000934601
1.66636002063751 0.218985006213188
1.63007998466492 0.239684998989105
1.59367001056671 0.261523008346558
1.55731999874115 0.284525007009506
1.52119994163513 0.308708995580673
1.48548996448517 0.334089994430542
1.45033001899719 0.360677003860474
1.41587996482849 0.388476997613907
1.38230001926422 0.417495995759964
1.34976005554199 0.447735995054245
1.31842994689941 0.479203999042511
1.28852999210358 0.511907994747162
1.26031994819641 0.545866012573242
1.2341400384903 0.581098973751068
1.21042001247406 0.617639005184174
1.18979001045227 0.655516028404236
1.17314004898071 0.694742023944855
1.16173994541168 0.735248029232025
1.15743005275726 0.776741027832031
1.15751004219055 0.782194018363953
1.16408002376556 0.82378101348877
1.18252003192902 0.863584995269775
1.21293997764587 0.899351000785828
1.25294995307922 0.929696023464203
1.29935002326965 0.954712986946106
1.34967005252838 0.975281000137329
1.4023699760437 0.99236398935318
1.45655000209808 1.00676000118256
1.51169002056122 1.01905000209808
1.56746995449066 1.02970004081726
1.62369000911713 1.0390100479126
1.68023002147675 1.04725003242493
1.73699998855591 1.05458998680115
1.79394996166229 1.0611799955368
1.85101997852325 1.06713998317719
1.90820002555847 1.07255005836487
1.96545994281769 1.07749998569489
2.02277994155884 1.08203995227814
2.08014988899231 1.08623003959656
2.13756990432739 1.09010004997253
2.19501996040344 1.09369003772736
2.25250005722046 1.09704005718231
2.30999994277954 1.10016000270844
2.36752009391785 1.10308003425598
2.42506003379822 1.10581994056702
2.48260998725891 1.10839998722076
2.54017996788025 1.11082994937897
2.59775996208191 1.11311995983124
2.65533995628357 1.1152800321579
2.71293997764587 1.11733996868134
2.77053999900818 1.11927998065948
2.82815003395081 1.12112998962402
2.88576006889343 1.12288999557495
2.92417001724243 1.1240199804306
2.94977998733521 1.12475001811981
2.96685004234314 1.12522995471954
2.97822999954224 1.12554001808167
2.98582005500793 1.12574994564056
2.99088001251221 1.12589001655579
2.99425005912781 1.1259800195694
2.99650001525879 1.12603998184204
2.99799990653992 1.12609004974365
3 1.12613999843597
3 1.12613999843597
3.00200009346008 1.1261899471283
3.00349998474121 1.12623000144958
3.00574994087219 1.12628996372223
3.00911998748779 1.12638998031616
3.01417994499207 1.12652003765106
3.02177000045776 1.12671995162964
3.03314995765686 1.12703001499176
3.05022001266479 1.12747001647949
3.07583999633789 1.12813997268677
3.11425995826721 1.12909996509552
3.17189002037048 1.130499958992
3.22952008247375 1.13183999061584
3.28715991973877 1.13311994075775
3.34479999542236 1.13435995578766
3.40244007110596 1.13554000854492
3.48889994621277 1.13723003864288
3.57537007331848 1.13882994651794
3.66184997558594 1.14033997058868
3.74832010269165 1.14177000522614
3.83480000495911 1.14312994480133
3.92127990722656 1.14442002773285
4.0077600479126 1.14564001560211
4.10773992538452 1.14698994159698
4.20771980285645 1.14825999736786
4.30771017074585 1.1494699716568
4.40769004821777 1.1506199836731
4.50767993927002 1.15171003341675
4.60766983032227 1.15275001525879
4.70766019821167 1.15374004840851
4.80765008926392 1.15468001365662
4.90764999389648 1.15559005737305
5.00763988494873 1.15645003318787
