0 0 0 0 0.388200014829636 0.607500016689301 0.504599988460541
0 0 0 0.0500000007450581 0.3882015645504 0.6075080037117 0.504600048065186
0 0 0 0.100000001490116 0.388203054666519 0.6075159907341 0.504598557949066
0 0 0 0.150000005960464 0.388204485177994 0.607523798942566 0.504595577716827
0 0 0 0.200000002980232 0.388205796480179 0.607531487941742 0.504591405391693
0 0 0 0.25 0.388207048177719 0.607538878917694 0.504586160182953
0 0 0 0.300000011920929 0.388208240270615 0.607545971870422 0.504580140113831
0 0 0 0.349999994039536 0.388209372758865 0.607552766799927 0.504573404788971
0 0 0 0.400000005960464 0.388210445642471 0.607559204101563 0.504566133022308
0 0 0 0.449999988079071 0.38821142911911 0.607565224170685 0.504558563232422
0 0 0 0.5 0.388212382793427 0.607570886611938 0.504550814628601
0 0 0 0.550000011920929 0.388213276863098 0.607576191425323 0.504542887210846
0 0 0 0.600000023841858 0.388214141130447 0.607581079006195 0.504535019397736
0 0 0 0.649999976158142 0.388214945793152 0.607585549354553 0.504527270793915
0 0 0 0.699999988079071 0.388215690851212 0.607589662075043 0.504519701004028
0 0 0 0.75 0.388216406106949 0.607593357563019 0.504512310028076
0 0 0 0.800000011920929 0.388217091560364 0.607596755027771 0.504505276679993
0 0 0 0.850000023841858 0.388217747211456 0.607599794864655 0.504498600959778
0 0 0 0.899999976158142 0.388218343257904 0.607602477073669 0.504492282867432
0 0 0 0.949999988079071 0.388218909502029 0.60760486125946 0.504486322402954
0 0 0 1 0.388219445943832 0.607607007026672 0.504480838775635
0 0 0 1.04999995231628 0.388219982385635 0.60760885477066 0.504475772380829
0 0 0 1.10000002384186 0.388220459222794 0.607610464096069 0.504471123218536
0 0 0 1.14999997615814 0.388220906257629 0.607611835002899 0.504466891288757
0 0 0 1.20000004768372 0.388221353292465 0.607613027095795 0.504463016986847
0 0 0 1.25 0.388221740722656 0.607614040374756 0.504459619522095
0 0 0 1.29999995231628 0.388222128152847 0.607614874839783 0.504456579685211
0 0 0 1.35000002384186 0.388222515583038 0.60761559009552 0.504453897476196
0 0 0 1.39999997615814 0.388222843408585 0.607616186141968 0.50445157289505
0 0 0 1.45000004768372 0.388223171234131 0.607616662979126 0.504449546337128
0 0 0 1.5 0.388223499059677 0.607617080211639 0.504447817802429
0 0 0 1.54999995231628 0.388223767280579 0.607617378234863 0.504446387290955
0 0 0 1.60000002384186 0.388224065303802 0.607617616653442 0.504445195198059
0 0 0 1.64999997615814 0.388224303722382 0.607617795467377 0.504444241523743
0 0 0 1.70000004768372 0.388224571943283 0.607617974281311 0.504443466663361
0 0 0 1.75 0.388224810361862 0.607618093490601 0.504442870616913
0 0 0 1.79999995231628 0.388225018978119 0.607618153095245 0.504442453384399
0 0 0 1.85000002384186 0.388225227594376 0.607618272304535 0.504442095756531
0 0 0 1.89999997615814 0.388225436210632 0.60761833190918 0.504441916942596
0 0 0 1.95000004768372 0.388225615024567 0.60761833190918 0.504441857337952
0 0 0 2 0.388225793838501 0.607618391513824 0.504441797733307
0 0 0 2.04999995231628 0.388225942850113 0.607618451118469 0.504441857337952
0 0 0 2.09999990463257 0.388226121664047 0.607618510723114 0.504441976547241
0 0 0 2.15000009536743 0.388226270675659 0.607618570327759 0.504442095756531
0 0 0 2.20000004768372 0.388226389884949 0.607618629932404 0.504442274570465
0 0 0 2.25 0.388226538896561 0.607618749141693 0.504442453384399
0 0 0 2.29999995231628 0.38822665810585 0.607618808746338 0.504442691802979
0 0 0 2.34999990463257 0.38822677731514 0.607618927955627 0.504442870616913
0 0 0 2.40000009536743 0.388226896524429 0.607619047164917 0.504443049430847
0 0 0 2.45000004768372 0.388226985931396 0.607619106769562 0.504443228244781
0 0 0 2.5 0.388227105140686 0.607619285583496 0.504443407058716
0 0 0 2.54999995231628 0.388227194547653 0.607619404792786 0.50444358587265
0 0 0 2.59999990463257 0.38822728395462 0.607619524002075 0.50444370508194
0 0 0 2.65000009536743 0.388227373361588 0.607619643211365 0.504443824291229
0 0 0 2.70000004768372 0.388227432966232 0.607619822025299 0.504443883895874
0 0 0 2.75 0.388227522373199 0.607619941234589 0.504444003105164
0 0 0 2.79999995231628 0.388227581977844 0.607620120048523 0.504444062709808
0 0 0 2.84999990463257 0.388227671384811 0.607620298862457 0.504444062709808
0 0 0 2.90000009536743 0.388227730989456 0.607620418071747 0.504444062709808
0 0 0 2.95000004768372 0.388227790594101 0.607620596885681 0.504444062709808
0 0 0 3 0.388227850198746 0.607620775699615 0.504444062709808
0 0 0 3.04999995231628 0.388227909803391 0.607620894908905 0.504444003105164
0 0 0 3.09999990463257 0.388227939605713 0.607621073722839 0.504443943500519
0 0 0 3.15000009536743 0.388227999210358 0.607621192932129 0.504443883895874
0 0 0 3.20000004768372 0.38822802901268 0.607621371746063 0.504443824291229
0 0 0 3.25 0.388228088617325 0.607621490955353 0.50444370508194
0 0 0 3.29999995231628 0.388228118419647 0.607621610164642 0.50444358587265
0 0 0 3.34999990463257 0.388228178024292 0.607621729373932 0.504443526268005
0 0 0 3.40000009536743 0.388228207826614 0.607621848583221 0.504443407058716
0 0 0 3.45000004768372 0.388228237628937 0.607621967792511 0.504443287849426
0 0 0 3.5 0.388228267431259 0.607622087001801 0.504443168640137
0 0 0 3.54999995231628 0.388228297233582 0.60762220621109 0.504443049430847
0 0 0 3.59999990463257 0.388228327035904 0.60762232542038 0.504442930221558
0 0 0 3.65000009536743 0.388228356838226 0.607622385025024 0.504442811012268
0 0 0 3.70000004768372 0.388228386640549 0.607622504234314 0.504442691802979
0 0 0 3.75 0.388228416442871 0.607622563838959 0.504442572593689
0 0 0 3.79999995231628 0.388228416442871 0.607622623443604 0.504442453384399
0 0 0 3.84999990463257 0.388228446245193 0.607622742652893 0.504442393779755
0 0 0 3.90000009536743 0.388228476047516 0.607622802257538 0.504442274570465
0 0 0 3.95000004768372 0.388228505849838 0.607622861862183 0.504442155361176
0 0 0 4 0.388228505849838 0.607622921466827 0.504442095756531
0 0 0 4.05000019073486 0.388228535652161 0.607622981071472 0.504441976547241
0 0 0 4.09999990463257 0.388228535652161 0.607622981071472 0.504441916942596
0 0 0 4.15000009536743 0.388228565454483 0.607623040676117 0.504441857337952
0 0 0 4.19999980926514 0.388228565454483 0.607623100280762 0.504441797733307
0 0 0 4.25 0.388228595256805 0.607623100280762 0.504441678524017
0 0 0 4.30000019073486 0.388228595256805 0.607623159885406 0.504441618919373
0 0 0 4.34999990463257 0.388228625059128 0.607623219490051 0.504441559314728
0 0 0 4.40000009536743 0.388228625059128 0.607623219490051 0.504441559314728
0 0 0 4.44999980926514 0.388228625059128 0.607623219490051 0.504441499710083
0 0 0 4.5 0.38822865486145 0.607623279094696 0.504441440105438
0 0 0 4.55000019073486 0.38822865486145 0.607623279094696 0.504441380500793
0 0 0 4.59999990463257 0.38822865486145 0.607623338699341 0.504441380500793
0 0 0 4.65000009536743 0.388228684663773 0.607623338699341 0.504441320896149
0 0 0 4.69999980926514 0.388228684663773 0.607623338699341 0.504441320896149
0 0 0 4.75 0.388228684663773 0.607623338699341 0.504441261291504
0 0 0 4.80000019073486 0.388228714466095 0.607623398303986 0.504441261291504
0 0 0 4.84999990463257 0.388228714466095 0.607623398303986 0.504441261291504
0 0 0 4.90000009536743 0.388228714466095 0.607623398303986 0.504441201686859
0 0 0 4.94999980926514 0.388228714466095 0.607623398303986 0.504441201686859
0 0 0 5 0.388228714466095 0.607623398303986 0.504441201686859
0 0 0 5.05000019073486 0.388228744268417 0.60762345790863 0.504441201686859
0 0 0 5.09999990463257 0.388228744268417 0.60762345790863 0.504441201686859
0 0 0 5.15000009536743 0.388228744268417 0.60762345790863 0.504441142082214
0 0 0 5.19999980926514 0.388228744268417 0.60762345790863 0.504441142082214
0 0 0 5.25 0.388228744268417 0.60762345790863 0.504441142082214
0 0 0 5.30000019073486 0.388228744268417 0.60762345790863 0.504441142082214
0 0 0 5.34999990463257 0.38822877407074 0.60762345790863 0.504441142082214
0 0 0 5.40000009536743 0.38822877407074 0.607623517513275 0.504441142082214
0 0 0 5.44999980926514 0.38822877407074 0.607623517513275 0.504441142082214
0 0 0 5.5 0.38822877407074 0.607623517513275 0.504441142082214
0 0 0 5.55000019073486 0.38822877407074 0.607623517513275 0.504441142082214
0 0 0 5.59999990463257 0.38822877407074 0.607623517513275 0.504441142082214
0 0 0 5.65000009536743 0.38822877407074 0.607623517513275 0.504441142082214
0 0 0 5.69999980926514 0.38822877407074 0.607623517513275 0.50444108247757
0 0 0 5.75 0.38822877407074 0.607623517513275 0.50444108247757
0 0 0 5.80000019073486 0.388228803873062 0.607623517513275 0.50444108247757
0 0 0 5.84999990463257 0.388228803873062 0.607623517513275 0.50444108247757
0 0 0 5.90000009536743 0.388228803873062 0.607623517513275 0.50444108247757
0 0 0 5.94999980926514 0.388228803873062 0.60762357711792 0.50444108247757
0 0 0 6 0.388228803873062 0.60762357711792 0.50444108247757
0 0 0 6.05000019073486 0.388228803873062 0.60762357711792 0.50444108247757
0 0 0 6.09999990463257 0.388228803873062 0.60762357711792 0.50444108247757
0 0 0 6.15000009536743 0.388228803873062 0.60762357711792 0.50444108247757
0 0 0 6.19999980926514 0.388228803873062 0.60762357711792 0.50444108247757
0 0 0 6.25 0.388228803873062 0.60762357711792 0.50444108247757
0 0 0 6.30000019073486 0.388228803873062 0.60762357711792 0.50444108247757
0 0 0 6.34999990463257 0.388228803873062 0.60762357711792 0.50444108247757
0 0 0 6.40000009536743 0.388228803873062 0.60762357711792 0.50444108247757
0 0 0 6.44999980926514 0.388228803873062 0.60762357711792 0.50444108247757
0 0 0 6.5 0.388228803873062 0.60762357711792 0.50444108247757
0 0 0 6.55000019073486 0.388228803873062 0.60762357711792 0.50444108247757
0 0 0 6.59999990463257 0.388228803873062 0.60762357711792 0.50444108247757
0 0 0 6.65000009536743 0.388228803873062 0.60762357711792 0.504441022872925
0 0 0 6.69999980926514 0.388228803873062 0.60762357711792 0.504441022872925
0 0 0 6.75 0.388228803873062 0.60762357711792 0.504441022872925
0 0 0 6.80000019073486 0.388228803873062 0.60762357711792 0.504441022872925
0 0 0 6.84999990463257 0.388228833675385 0.607623636722565 0.504441022872925
0 0 0 6.90000009536743 0.388228833675385 0.607623636722565 0.504441022872925
0 0 0 6.94999980926514 0.388228833675385 0.607623636722565 0.504441022872925
0 0 0 7 0.388228833675385 0.607623636722565 0.504441022872925
0 0 0 7.05000019073486 0.388228833675385 0.607623636722565 0.504441022872925
0 0 0 7.09999990463257 0.388228833675385 0.607623636722565 0.504441022872925
0 0 0 7.15000009536743 0.388228833675385 0.607623636722565 0.504441022872925
0 0 0 7.19999980926514 0.388228833675385 0.607623636722565 0.504441022872925
0 0 0 7.25 0.388228833675385 0.607623636722565 0.504441022872925
0 0 0 7.30000019073486 0.388228833675385 0.607623636722565 0.504441022872925
0 0 0 7.34999990463257 0.388228833675385 0.607623636722565 0.504441022872925
0 0 0 7.40000009536743 0.388228833675385 0.607623636722565 0.504441022872925
0 0 0 7.44999980926514 0.388228833675385 0.607623636722565 0.504441022872925
0 0 0 7.5 0.388228833675385 0.607623636722565 0.504441022872925
0 0 0 7.55000019073486 0.388228833675385 0.607623636722565 0.504441022872925
0 0 0 7.59999990463257 0.388228833675385 0.607623636722565 0.504441022872925
0 0 0 7.65000009536743 0.388228833675385 0.607623636722565 0.504441022872925
0 0 0 7.69999980926514 0.388228833675385 0.607623636722565 0.504441022872925
0 0 0 7.75 0.388228833675385 0.607623636722565 0.504441022872925
0 0 0 7.80000019073486 0.388228833675385 0.607623636722565 0.504441022872925
0 0 0 7.84999990463257 0.388228833675385 0.607623636722565 0.504441022872925
0 0 0 7.90000009536743 0.388228833675385 0.607623636722565 0.504441022872925
0 0 0 7.94999980926514 0.388228833675385 0.607623636722565 0.504441022872925
0 0 0 8 0.388228833675385 0.607623636722565 0.504441022872925
0 0 0 8.05000019073486 0.392831653356552 0.607641518115997 0.505524337291718
0 0 0 8.10000038146973 0.397163271903992 0.607759356498718 0.508473336696625
0 0 0 8.14999961853027 0.401240110397339 0.608057498931885 0.512871980667114
0 0 0 8.19999980926514 0.405077755451202 0.608596920967102 0.518351793289185
0 0 0 8.25 0.40869078040123 0.609421730041504 0.52458918094635
0 0 0 8.30000019073486 0.412092745304108 0.610560953617096 0.53130167722702
0 0 0 8.35000038146973 0.415296405553818 0.612030982971191 0.538244605064392
0 0 0 8.39999961853027 0.41831362247467 0.613836824893951 0.545207560062408
0 0 0 8.44999980926514 0.421155512332916 0.615974068641663 0.55201119184494
0 0 0 8.5 0.423832535743713 0.618430376052856 0.558504819869995
0 0 0 8.55000019073486 0.426354467868805 0.621186494827271 0.564564168453217
0 0 0 8.60000038146973 0.428730458021164 0.624217927455902 0.57008945941925
0 0 0 8.64999961853027 0.430969148874283 0.627495884895325 0.575003802776337
0 0 0 8.69999980926514 0.433078557252884 0.630988299846649 0.579251348972321
0 0 0 8.75 0.435066312551498 0.634661078453064 0.582796096801758
0 0 0 8.80000019073486 0.436939477920532 0.638478875160217 0.585619866847992
0 0 0 8.85000038146973 0.438704818487167 0.642405867576599 0.587720930576324
0 0 0 8.89999961853027 0.440368562936783 0.646406829357147 0.589112102985382
0 0 0 8.94999980926514 0.441936671733856 0.650447309017181 0.589818954467773
0 0 0 9 0.443414658308029 0.654494762420654 0.589877903461456
0 0 0 9.05000019073486 0.444807767868042 0.658518493175507 0.589334309101105
0 0 0 9.10000038146973 0.446120947599411 0.662490427494049 0.588240563869476
0 0 0 9.14999961853027 0.447358787059784 0.666385352611542 0.586654186248779
0 0 0 9.19999980926514 0.448525667190552 0.670180797576904 0.584636151790619
0 0 0 9.25 0.449625641107559 0.673857688903809 0.582249045372009
0 0 0 9.30000019073486 0.450662642717361 0.677399873733521 0.579555690288544
0 0 0 9.35000038146973 0.451640248298645 0.680794298648834 0.57661771774292
0 0 0 9.39999961853027 0.452561885118484 0.684031009674072 0.573494374752045
0 0 0 9.44999980926514 0.45343080163002 0.687102854251862 0.570241510868073
0 0 0 9.5 0.454249978065491 0.690005302429199 0.566910982131958
0 0 0 9.55000019073486 0.45502233505249 0.692736268043518 0.563549816608429
0 0 0 9.60000038146973 0.455750554800034 0.695295870304108 0.560199975967407
0 0 0 9.64999961853027 0.456437110900879 0.697686076164246 0.556898057460785
0 0 0 9.69999980926514 0.457084447145462 0.699910521507263 0.553675413131714
0 0 0 9.75 0.457694798707962 0.701974272727966 0.550558030605316
0 0 0 9.80000019073486 0.458270311355591 0.703883409500122 0.547566831111908
0 0 0 9.85000038146973 0.458812922239304 0.705645084381104 0.544718086719513
0 0 0 9.89999961853027 0.459324568510056 0.707266807556152 0.542023539543152
0 0 0 9.94999980926514 0.459807008504868 0.708756864070892 0.539491057395935
0 0 0 10 0.460261911153793 0.710123538970947 0.537124931812286
0 0 0 10.0500001907349 0.460690855979919 0.71137535572052 0.534926354885101
0 0 0 10.1000003814697 0.461095333099365 0.712520778179169 0.532894015312195
0 0 0 10.1499996185303 0.461476713418961 0.713568150997162 0.531024396419525
0 0 0 10.1999998092651 0.461836338043213 0.714525520801544 0.529312193393707
0 0 0 10.25 0.462175458669662 0.715400636196136 0.527750670909882
0 0 0 10.3000001907349 0.462495237588882 0.716200828552246 0.526332139968872
0 0 0 10.3500003814697 0.462796747684479 0.716933131217957 0.525048077106476
0 0 0 10.3999996185303 0.46308109164238 0.717603981494904 0.523889660835266
0 0 0 10.4499998092651 0.463349223136902 0.718219518661499 0.522847592830658
0 0 0 10.5 0.463602066040039 0.718785226345062 0.521912753582001
0 0 0 10.5500001907349 0.463840514421463 0.719306290149689 0.521075963973999
0 0 0 10.6000003814697 0.464065343141556 0.719787359237671 0.520328342914581
0 0 0 10.6499996185303 0.464277356863022 0.720232665538788 0.519661366939545
0 0 0 10.6999998092651 0.464477300643921 0.720646023750305 0.5190669298172
0 0 0 10.75 0.464665830135345 0.72103089094162 0.518537282943726
0 0 0 10.8000001907349 0.46484363079071 0.721390247344971 0.518065333366394
0 0 0 10.8500003814697 0.465011298656464 0.721726894378662 0.51764440536499
0 0 0 10.8999996185303 0.465169429779053 0.722043097019196 0.517268478870392
0 0 0 10.9499998092651 0.465318530797958 0.722341060638428 0.5169318318367
0 0 0 11 0.465459108352661 0.722622573375702 0.516629576683044
0 0 0 11.0500001907349 0.465591728687286 0.722889244556427 0.516357064247131
0 0 0 11.1000003814697 0.465716749429703 0.723142445087433 0.516110301017761
0 0 0 11.1499996185303 0.465834677219391 0.72338342666626 0.515885591506958
0 0 0 11.1999998092651 0.465945869684219 0.723613202571869 0.515679836273193
0 0 0 11.25 0.466050744056702 0.723832607269287 0.515490233898163
0 0 0 11.3000001907349 0.466149628162384 0.724042475223541 0.515314400196075
0 0 0 11.3500003814697 0.466242879629135 0.724243342876434 0.515150129795074
0 0 0 11.3999996185303 0.466330826282501 0.724435865879059 0.514995813369751
0 0 0 11.4499998092651 0.466413766145706 0.724620461463928 0.514849781990051
0 0 0 11.5 0.466491967439651 0.724797487258911 0.514710903167725
0 0 0 11.5500001907349 0.466565728187561 0.724967360496521 0.51457804441452
0 0 0 11.6000003814697 0.466635286808014 0.725130379199982 0.514450371265411
0 0 0 11.6499996185303 0.466700881719589 0.725286722183228 0.514327228069305
0 0 0 11.6999998092651 0.466762721538544 0.725436687469482 0.51420795917511
0 0 0 11.75 0.466821074485779 0.725580453872681 0.514092326164246
0 0 0 11.8000001907349 0.466876089572906 0.725718200206757 0.51397979259491
0 0 0 11.8500003814697 0.466927945613861 0.725850105285645 0.513870298862457
0 0 0 11.8999996185303 0.466976881027222 0.725976288318634 0.513763606548309
0 0 0 11.9499998092651 0.467023015022278 0.726096987724304 0.513659596443176
0 0 0 12 0.467066526412964 0.726212322711945 0.513558208942413
0 0 0 12.0500001907349 0.467107564210892 0.7263223528862 0.513459444046021
0 0 0 12.1000003814697 0.467146247625351 0.726427316665649 0.513363301753998
0 0 0 12.1499996185303 0.467182755470276 0.726527333259583 0.51326984167099
0 0 0 12.1999998092651 0.467217177152634 0.726622581481934 0.513179004192352
0 0 0 12.25 0.467249631881714 0.726713120937347 0.513090908527374
0 0 0 12.3000001907349 0.467280238866806 0.726799190044403 0.513005554676056
0 0 0 12.3500003814697 0.467309087514877 0.72688090801239 0.512923002243042
0 0 0 12.3999996185303 0.46733632683754 0.726958394050598 0.512843251228333
0 0 0 12.4499998092651 0.467361986637115 0.727031826972961 0.512766361236572
0 0 0 12.5 0.467386186122894 0.727101385593414 0.512692332267761
0 0 0 12.5500001907349 0.467409014701843 0.727167189121246 0.512621223926544
0 0 0 12.6000003814697 0.46743056178093 0.727229356765747 0.512552976608276
0 0 0 12.6499996185303 0.467450857162476 0.727288126945496 0.512487590312958
0 0 0 12.6999998092651 0.467469990253448 0.727343618869781 0.512425124645233
0 0 0 12.75 0.467488050460815 0.72739589214325 0.512365400791168
0 0 0 12.8000001907349 0.467505097389221 0.727445244789124 0.512308537960052
0 0 0 12.8500003814697 0.467521160840988 0.727491676807404 0.512254357337952
0 0 0 12.8999996185303 0.467536300420761 0.727535426616669 0.512202858924866
0 0 0 12.9499998092651 0.467550575733185 0.727576613426208 0.512154042720795
0 0 0 13 0.467564046382904 0.727615356445313 0.512107729911804
0 0 0 13.0500001907349 0.467576742172241 0.72765177488327 0.51206386089325
0 0 0 13.1000003814697 0.467588722705841 0.727686047554016 0.512022376060486
0 0 0 13.1499996185303 0.467600017786026 0.72771817445755 0.511983215808868
0 0 0 13.1999998092651 0.467610687017441 0.727748453617096 0.511946320533752
0 0 0 13.25 0.467620730400085 0.727776825428009 0.511911511421204
0 0 0 13.3000001907349 0.467630207538605 0.727803468704224 0.511878728866577
0 0 0 13.3500003814697 0.467639148235321 0.727828502655029 0.511847913265228
0 0 0 13.3999996185303 0.467647552490234 0.727851986885071 0.511818885803223
0 0 0 13.4499998092651 0.467655509710312 0.727874040603638 0.511791706085205
0 0 0 13.5 0.467662990093231 0.72789478302002 0.511766135692596
0 0 0 13.5500001907349 0.467670083045959 0.727914214134216 0.511742234230042
0 0 0 13.6000003814697 0.467676728963852 0.727932453155518 0.511719763278961
0 0 0 13.6499996185303 0.467683017253876 0.727949619293213 0.511698722839355
0 0 0 13.6999998092651 0.467688947916031 0.727965712547302 0.511678993701935
0 0 0 13.75 0.46769455075264 0.72798079252243 0.511660516262054
0 0 0 13.8000001907349 0.467699825763702 0.727995038032532 0.51164323091507
0 0 0 13.8500003814697 0.467704772949219 0.728008329868317 0.511627078056335
0 0 0 13.8999996185303 0.467709481716156 0.728020906448364 0.511611938476563
0 0 0 13.9499998092651 0.467713892459869 0.72803270816803 0.511597752571106
0 0 0 14 0.467718064785004 0.728043794631958 0.511584520339966
0 0 0 14.0500001907349 0.467721998691559 0.728054225444794 0.511572122573853
0 0 0 14.1000003814697 0.467725694179535 0.728064060211182 0.511560499668121
0 0 0 14.1499996185303 0.467729210853577 0.728073298931122 0.511549592018127
0 0 0 14.1999998092651 0.467732489109039 0.728081941604614 0.511539399623871
0 0 0 14.25 0.46773561835289 0.728090167045593 0.511529862880707
0 0 0 14.3000001907349 0.467738538980484 0.728097856044769 0.51152092218399
0 0 0 14.3500003814697 0.467741310596466 0.728105127811432 0.511512517929077
0 0 0 14.3999996185303 0.467743933200836 0.728111982345581 0.511504650115967
0 0 0 14.4499998092651 0.467746376991272 0.728118479251862 0.511497259140015
0 0 0 14.5 0.467748701572418 0.728124558925629 0.511490345001221
0 0 0 14.5500001907349 0.467750877141953 0.728130280971527 0.51148384809494
0 0 0 14.6000003814697 0.46775296330452 0.728135704994202 0.511477708816528
0 0 0 14.6499996185303 0.467754900455475 0.728140830993652 0.511471927165985
0 0 0 14.6999998092651 0.467756748199463 0.728145658969879 0.511466562747955
0 0 0 14.75 0.467758476734161 0.728150188922882 0.511461436748505
0 0 0 14.8000001907349 0.46776008605957 0.728154480457306 0.511456668376923
0 0 0 14.8500003814697 0.467761635780334 0.728158593177795 0.51145213842392
0 0 0 14.8999996185303 0.467763096094131 0.728162407875061 0.511447846889496
0 0 0 14.9499998092651 0.467764467000961 0.728166043758392 0.511443853378296
0 0 0 15 0.467765748500824 0.728169441223145 0.51144003868103
0 0 0 15.0500001907349 0.467766970396042 0.728172659873962 0.511436462402344
0 0 0 15.1000003814697 0.467768102884293 0.728175759315491 0.511433124542236
0 0 0 15.1499996185303 0.467769205570221 0.72817862033844 0.511429905891418
0 0 0 15.1999998092651 0.467770218849182 0.7281813621521 0.51142692565918
0 0 0 15.25 0.467771172523499 0.728183925151825 0.51142406463623
0 0 0 15.3000001907349 0.467772096395493 0.728186368942261 0.511421382427216
0 0 0 15.3500003814697 0.467772960662842 0.728188633918762 0.51141881942749
0 0 0 15.3999996185303 0.467773765325546 0.728190779685974 0.511416435241699
0 0 0 15.4499998092651 0.467774510383606 0.728192865848541 0.511414170265198
0 0 0 15.5 0.467775225639343 0.728194773197174 0.511412024497986
0 0 0 15.5500001907349 0.467775911092758 0.728196620941162 0.511409997940063
0 0 0 15.6000003814697 0.467776536941528 0.728198349475861 0.511408090591431
0 0 0 15.6499996185303 0.467777162790298 0.72819995880127 0.511406242847443
0 0 0 15.6999998092651 0.467777729034424 0.728201508522034 0.511404514312744
0 0 0 15.75 0.467778265476227 0.728202939033508 0.511402904987335
0 0 0 15.8000001907349 0.467778772115707 0.728204309940338 0.511401355266571
0 0 0 15.8500003814697 0.467779248952866 0.728205621242523 0.511399924755096
0 0 0 15.8999996185303 0.467779695987701 0.728206813335419 0.511398553848267
0 0 0 15.9499998092651 0.467780113220215 0.728208005428314 0.511397242546082
0 0 0 16 0.467780500650406 0.72820907831192 0.511395990848541
0 0 0 16.0499992370605 0.467780888080597 0.728210091590881 0.511394858360291
0 0 0 16.1000003814697 0.467781245708466 0.728211045265198 0.511393785476685
0 0 0 16.1499996185303 0.467781573534012 0.728211998939514 0.511392712593079
0 0 0 16.2000007629395 0.467781901359558 0.728212833404541 0.511391758918762
0 0 0 16.25 0.467782199382782 0.728213667869568 0.511390805244446
0 0 0 16.2999992370605 0.467782467603683 0.72821444272995 0.511389970779419
0 0 0 16.3500003814697 0.467782735824585 0.728215157985687 0.511389136314392
0 0 0 16.3999996185303 0.467783004045486 0.72821581363678 0.51138836145401
0 0 0 16.4500007629395 0.467783212661743 0.728216469287872 0.511387646198273
0 0 0 16.5 0.467783451080322 0.72821706533432 0.511386930942535
0 0 0 16.5499992370605 0.467783659696579 0.728217661380768 0.511386275291443
0 0 0 16.6000003814697 0.467783868312836 0.728218197822571 0.511385679244995
0 0 0 16.6499996185303 0.46778404712677 0.728218674659729 0.511385083198547
0 0 0 16.7000007629395 0.467784225940704 0.728219151496887 0.511384546756744
0 0 0 16.75 0.467784374952316 0.728219628334045 0.511384010314941
0 0 0 16.7999992370605 0.467784553766251 0.728220045566559 0.511383533477783
0 0 0 16.8500003814697 0.467784702777863 0.728220462799072 0.511383056640625
0 0 0 16.8999996185303 0.467784821987152 0.728220820426941 0.511382639408112
0 0 0 16.9500007629395 0.467784970998764 0.72822117805481 0.511382222175598
0 0 0 17 0.467785090208054 0.728221476078033 0.511381804943085
0 0 0 17.0499992370605 0.467785209417343 0.728221833705902 0.511381447315216
0 0 0 17.1000003814697 0.46778529882431 0.728222131729126 0.511381149291992
0 0 0 17.1499996185303 0.4677854180336 0.728222370147705 0.511380791664124
0 0 0 17.2000007629395 0.467785507440567 0.728222668170929 0.5113804936409
0 0 0 17.25 0.467785596847534 0.728222906589508 0.511380195617676
0 0 0 17.2999992370605 0.467785686254501 0.728223145008087 0.511379957199097
0 0 0 17.3500003814697 0.467785775661469 0.728223383426666 0.511379718780518
0 0 0 17.3999996185303 0.467785865068436 0.728223562240601 0.511379420757294
0 0 0 17.4500007629395 0.46778592467308 0.72822380065918 0.511379241943359
0 0 0 17.5 0.467785984277725 0.728223979473114 0.51137900352478
0 0 0 17.5499992370605 0.46778604388237 0.728224158287048 0.511378824710846
0 0 0 17.6000003814697 0.467786133289337 0.728224277496338 0.511378645896912
0 0 0 17.6499996185303 0.46778616309166 0.728224456310272 0.511378467082977
0 0 0 17.7000007629395 0.467786222696304 0.728224575519562 0.511378288269043
0 0 0 17.75 0.467786282300949 0.728224754333496 0.511378109455109
0 0 0 17.7999992370605 0.467786341905594 0.728224873542786 0.511377990245819
0 0 0 17.8500003814697 0.467786371707916 0.728224992752075 0.511377811431885
0 0 0 17.8999996185303 0.467786431312561 0.728225111961365 0.511377692222595
0 0 0 17.9500007629395 0.467786461114883 0.728225231170654 0.511377573013306
0 0 0 18 0.467786490917206 0.728225290775299 0.511377453804016
0 0 0 18.0499992370605 0.467786520719528 0.728225409984589 0.511377334594727
0 0 0 18.1000003814697 0.467786580324173 0.728225529193878 0.511377215385437
0 0 0 18.1499996185303 0.467786610126495 0.728225588798523 0.511377155780792
0 0 0 18.2000007629395 0.467786639928818 0.728225648403168 0.511377036571503
0 0 0 18.25 0.46778666973114 0.728225767612457 0.511376976966858
0 0 0 18.2999992370605 0.467786699533463 0.728225827217102 0.511376857757568
0 0 0 18.3500003814697 0.467786699533463 0.728225886821747 0.511376798152924
0 0 0 18.3999996185303 0.467786729335785 0.728225946426392 0.511376738548279
0 0 0 18.4500007629395 0.467786759138107 0.728226006031036 0.511376678943634
0 0 0 18.5 0.46778678894043 0.728226065635681 0.511376619338989
0 0 0 18.5499992370605 0.46778678894043 0.728226125240326 0.511376559734344
0 0 0 18.6000003814697 0.467786818742752 0.728226184844971 0.5113765001297
0 0 0 18.6499996185303 0.467786848545074 0.728226244449615 0.511376440525055
0 0 0 18.7000007629395 0.467786848545074 0.72822630405426 0.51137638092041
0 0 0 18.75 0.467786878347397 0.72822630405426 0.511376321315765
0 0 0 18.7999992370605 0.467786878347397 0.728226363658905 0.511376261711121
0 0 0 18.8500003814697 0.467786908149719 0.72822642326355 0.511376202106476
0 0 0 18.8999996185303 0.467786908149719 0.72822642326355 0.511376202106476
0 0 0 18.9500007629395 0.467786937952042 0.728226482868195 0.511376142501831
0 0 0 19 0.467786937952042 0.728226482868195 0.511376142501831
0 0 0 19.0499992370605 0.467786937952042 0.728226542472839 0.511376082897186
0 0 0 19.1000003814697 0.467786967754364 0.728226542472839 0.511376023292542
0 0 0 19.1499996185303 0.467786967754364 0.728226602077484 0.511376023292542
0 0 0 19.2000007629395 0.467786967754364 0.728226602077484 0.511375963687897
0 0 0 19.25 0.467786997556686 0.728226661682129 0.511375963687897
0 0 0 19.2999992370605 0.467786997556686 0.728226661682129 0.511375963687897
0 0 0 19.3500003814697 0.467786997556686 0.728226661682129 0.511375904083252
0 0 0 19.3999996185303 0.467786997556686 0.728226721286774 0.511375904083252
0 0 0 19.4500007629395 0.467787027359009 0.728226721286774 0.511375844478607
0 0 0 19.5 0.467787027359009 0.728226721286774 0.511375844478607
0 0 0 19.5499992370605 0.467787027359009 0.728226721286774 0.511375844478607
0 0 0 19.6000003814697 0.467787027359009 0.728226780891418 0.511375784873962
0 0 0 19.6499996185303 0.467787027359009 0.728226780891418 0.511375784873962
0 0 0 19.7000007629395 0.467787057161331 0.728226780891418 0.511375784873962
0 0 0 19.75 0.467787057161331 0.728226780891418 0.511375784873962
0 0 0 19.7999992370605 0.467787057161331 0.728226840496063 0.511375725269318
0 0 0 19.8500003814697 0.467787057161331 0.728226840496063 0.511375725269318
0 0 0 19.8999996185303 0.467787057161331 0.728226840496063 0.511375725269318
0 0 0 19.9500007629395 0.467787057161331 0.728226840496063 0.511375725269318
0 0 0 20 0.467787086963654 0.728226840496063 0.511375725269318
