-1.02603995800018 -0.00776163022965193
-0.968376994132996 -0.00765985017642379
-0.929934024810791 -0.00758669013157487
-0.891490995883942 -0.00750879989936948
-0.853048026561737 -0.00742569984868169
-0.814603984355927 -0.00733686983585358
-0.776161015033722 -0.00724167982116342
-0.737717986106873 -0.00713942013680935
-0.699275016784668 -0.00702926982194185
-0.660830974578857 -0.00691029010340571
-0.622388005256653 -0.00678136013448238
-0.596759974956512 -0.00668925000354648
-0.571130990982056 -0.00659170001745224
-0.545502007007599 -0.00648821005597711
-0.519873023033142 -0.00637823017314076
-0.494244992733002 -0.00626112008467317
-0.468616008758545 -0.00613617012277246
-0.442988008260727 -0.00600255001336336
-0.417358994483948 -0.0058593200519681
-0.39173099398613 -0.00570543017238379
-0.366102010011673 -0.00553961005061865
-0.3490169942379 -0.00542173022404313
-0.331930994987488 -0.00529744010418653
-0.314846009016037 -0.00516617996618152
-0.297760009765625 -0.00502735003829002
-0.280674993991852 -0.0048802699893713
-0.263590008020401 -0.00472417986020446
-0.246505007147789 -0.00455822981894016
-0.229420006275177 -0.00438144989311695
-0.212335005402565 -0.00419272994622588
-0.195250004529953 -0.00399080011993647
-0.178166002035141 -0.00377423991449177
-0.1667760014534 -0.00362092000432312
-0.155386999249458 -0.00345980003476143
-0.143996998667717 -0.00329026998952031
-0.132607996463776 -0.00311163999140263
-0.121219001710415 -0.00292317010462284
-0.109829999506474 -0.00272400001995265
-0.0984413027763367 -0.0025131800211966
-0.0870528966188431 -0.00228966004215181
-0.0756646990776062 -0.00205225008539855
-0.064276896417141 -0.00179957994259894
-0.0528894998133183 -0.00153012003283948
-0.0452980995178223 -0.00134029996115714
-0.0377069003880024 -0.00114167004358023
-0.0301159992814064 -0.000933589995838702
-0.0225253999233246 -0.000715358008164912
-0.0149351004511118 -0.000486203993204981
-0.0073451898060739 -0.000245275004999712
0.000244321010541171 8.37429979583248E-06
0.00783335976302624 0.00027579499874264
0.0154218999668956 0.000558157975319773
0.0230097007006407 0.000856774975545704
0.0305969007313251 0.00117311999201775
0.0381832011044025 0.00150884001050144
0.043240200728178 0.00174434005748481
0.0482968017458916 0.0019898999016732
0.0533527992665768 0.00224619009532034
0.0584082007408142 0.00251394999213517
0.0634630024433136 0.00279397005215287
0.0685169994831085 0.00308714993298054
0.0735701024532318 0.00339446007274091
0.0786222964525223 0.00371696008369327
0.0836734995245934 0.00405583996325731
0.0870402976870537 0.00429151020944118
0.0904064029455185 0.00453547015786171
0.0937720015645027 0.00478817010298371
0.0971368029713631 0.00505011016502976
0.100501000881195 0.00532181980088353
0.103863999247551 0.00560386013239622
0.107225999236107 0.00589687004685402
0.110587000846863 0.00620150985196233
0.113948002457619 0.00651851994916797
0.117306001484394 0.00684867007657886
0.120664000511169 0.00719283986836672
0.122901000082493 0.00743053015321493
0.125137999653816 0.00767516996711493
0.127373993396759 0.00792707968503237
0.129609003663063 0.00818658992648125
0.131843000650406 0.00845407042652369
0.134075999259949 0.00872990023344755
0.136307999491692 0.00901447981595993
0.138538002967834 0.00930827017873526
0.140768006443977 0.00961173046380281
0.142995998263359 0.0099253598600626
0.145221993327141 0.010249700397253
0.147447004914284 0.010585299693048
0.149670004844666 0.010932800360024
0.1511510014534 0.0111715001985431
0.152630999684334 0.0114158997312188
0.154109999537468 0.0116662997752428
0.155588001012802 0.0119230002164841
0.157065004110336 0.0121862003579736
0.158539995551109 0.0124561004340649
0.160014003515244 0.0127330999821424
0.161486998200417 0.0130172995850444
0.16295899450779 0.0133092002943158
0.164427995681763 0.0136089995503426
0.165895998477936 0.0139170000329614
0.167362004518509 0.0142336003482342
0.168826997280121 0.014559299685061
0.170288994908333 0.0148943001404405
0.171748995780945 0.0152390999719501
0.17272099852562 0.0154747003689408
0.173691004514694 0.0157149005681276
0.174660995602608 0.0159598998725414
0.175629004836082 0.0162099990993738
0.176596000790596 0.01646520011127
0.17756099998951 0.0167255997657776
0.178525000810623 0.016991600394249
0.179488003253937 0.0172630995512009
0.180448994040489 0.0175404995679855
0.181408002972603 0.0178238991647959
0.182365000247955 0.018113499507308
0.183320000767708 0.0184094998985529
0.18427300453186 0.0187120996415615
0.185223996639252 0.01902149990201
0.186173006892204 0.0193380005657673
0.187119007110596 0.0196617990732193
0.188061997294426 0.0199931003153324
0.189003005623817 0.0203322004526854
0.189941003918648 0.0206793006509542
0.190874993801117 0.021034799516201
0.191807001829147 0.0213989000767469
0.192735001444817 0.0217717997729778
0.193658992648125 0.0221539996564388
0.194579005241394 0.0225457008928061
0.195494994521141 0.0229471996426582
0.196406006813049 0.0233587995171547
0.197312995791435 0.0237809997051954
0.198213994503021 0.0242139995098114
0.200000002980232 0.0251138992607594
0.200000002980232 0.0251138992607594
0.20176100730896 0.026061499491334
0.202630996704102 0.026554100215435
0.203493997454643 0.0270598009228706
0.204348996281624 0.0275788009166718
0.205194994807243 0.0281115993857384
0.206031993031502 0.0286586005240679
0.20686000585556 0.0292199999094009
0.207677006721497 0.0297961998730898
0.208483994007111 0.0303875003010035
0.209279000759125 0.0309941992163658
0.210060998797417 0.031616598367691
0.210831001400948 0.0322549007833004
0.211586996912956 0.0329093001782894
0.212329000234604 0.0335799008607864
0.213055998086929 0.0342667996883392
0.213767006993294 0.0349701009690762
0.214460998773575 0.0356897003948689
0.215138003230095 0.0364256985485554
0.215797007083893 0.0371778011322021
0.216437995433807 0.0379457995295525
0.217059001326561 0.0387295000255108
0.217659994959831 0.039528600871563
0.218241006135941 0.0403425991535187
0.218801006674767 0.0411712005734444
0.219338998198509 0.0420137010514736
0.21985599398613 0.0428696013987064
0.220351994037628 0.0437383987009525
0.220825001597404 0.0446194000542164
0.221276000142097 0.0455119013786316
0.221705004572868 0.0464151985943317
0.222111999988556 0.0473287999629974
0.222496002912521 0.0482516996562481
0.222859993577003 0.0491833984851837
0.223201006650925 0.0501231998205185
0.223521992564201 0.051070399582386
0.223821997642517 0.0520244017243385
0.224101006984711 0.0529844984412193
0.224361002445221 0.0539502017199993
0.224601998925209 0.0549209006130695
0.224822998046875 0.0558959990739822
0.225025996565819 0.0568750984966755
0.22521199285984 0.0578578002750874
0.225380003452301 0.0588435009121895
0.225531995296478 0.0598318986594677
0.225667998194695 0.0608226992189884
0.225787997245789 0.0618153996765614
0.225893005728722 0.0628098994493484
0.225984007120132 0.0638056993484497
0.226061001420021 0.0648026987910271
0.226125001907349 0.0658006966114044
0.226175993680954 0.0667994022369385
0.226214006543159 0.0677986964583397
0.226241007447243 0.068798303604126
0.226255998015404 0.0697982013225555
0.226261004805565 0.070703499019146
0.226254999637604 0.0717035010457039
0.226239994168282 0.0727033019065857
0.226215004920959 0.0737029984593391
0.226181000471115 0.0747023969888687
0.22613699734211 0.0757014974951744
0.226085007190704 0.0767000988125801
0.226025000214577 0.0776982977986336
0.225955992937088 0.0786959007382393
0.225879997014999 0.0796929970383644
0.22579699754715 0.0806896016001701
0.225705996155739 0.0816854983568192
0.225609004497528 0.0826807022094727
0.225504994392395 0.0836753025650978
0.225393995642662 0.0846692025661469
0.225278005003929 0.0856624022126198
0.225155994296074 0.0866549015045166
0.225027993321419 0.0876467004418373
0.224895000457764 0.0886377990245819
0.224757000803947 0.0896281972527504
0.22461299598217 0.090617798268795
0.224464997649193 0.0916068032383919
0.224312007427216 0.0925950035452843
0.224154993891716 0.0935826003551483
0.223911002278328 0.0950625985860825
0.223656997084618 0.0965410023927689
0.223395004868507 0.0980179980397224
0.223124995827675 0.0994933992624283
0.222846999764442 0.10096699744463
0.222561001777649 0.102439999580383
0.222268998622894 0.103910997509956
0.22197000682354 0.105380997061729
0.221664994955063 0.106849998235703
0.221352994441986 0.108317002654076
0.221036002039909 0.109783001244068
0.220550999045372 0.111979998648167
0.220054000616074 0.114174999296665
0.219547003507614 0.116366997361183
0.219031006097794 0.118556998670101
0.218505993485451 0.120745003223419
0.217971995472908 0.122931003570557
0.217432007193565 0.125115007162094
0.2168840020895 0.12729699909687
0.216051995754242 0.130567997694016
0.215205997228622 0.133835002779961
0.214350000023842 0.137099996209145
0.2134850025177 0.140361994504929
0.212611004710197 0.143621996045113
0.211289003491402 0.148508995771408
0.209953993558884 0.153392001986504
0.208610996603966 0.158272996544838
0.206587001681328 0.16559199988842
0.20354600250721 0.176568999886513
0.199021995067596 0.193045005202293
0.194603994488716 0.209549993276596
0.190348997712135 0.226098001003265
0.186307996511459 0.24269899725914
0.182529002428055 0.259362012147903
0.179058000445366 0.276091992855072
0.175943002104759 0.292890995740891
0.17323100566864 0.309760004281998
0.170974001288414 0.326696991920471
0.169225007295609 0.343692988157272
0.168042004108429 0.360738009214401
0.167486995458603 0.377815008163452
0.167451992630959 0.383215993642807
0.167817994952202 0.400297999382019
0.168960005044937 0.417346000671387
0.170943006873131 0.434316009283066
0.173825994133949 0.451157003641129
0.177662000060081 0.467806994915009
0.18249100446701 0.484196990728378
0.188335999846458 0.50025200843811
0.195201992988586 0.51589697599411
0.203070998191833 0.53106302022934
0.211905002593994 0.545687973499298
0.221650004386902 0.559722006320953
0.232236996293068 0.573132991790771
0.243588000535965 0.585902988910675
0.255625009536743 0.598029017448425
0.268269002437592 0.609520971775055
0.281446009874344 0.620397984981537
0.295087993144989 0.630684971809387
0.309134006500244 0.640413999557495
0.323529988527298 0.649616003036499
0.338230013847351 0.658325016498566
0.353192001581192 0.666574001312256
0.36838299036026 0.674395024776459
0.383771985769272 0.681818008422852
0.399334996938705 0.688870012760162
0.415048003196716 0.695580005645752
0.430893987417221 0.701969981193542
0.446857005357742 0.708063006401062
0.462922006845474 0.713880002498627
0.479077994823456 0.71943998336792
0.495314985513687 0.724759995937347
0.511623024940491 0.729856014251709
0.527994990348816 0.734741985797882
0.544425010681152 0.739432990550995
0.560905992984772 0.743938982486725
0.577432990074158 0.748273015022278
0.59400200843811 0.752444982528687
0.610607981681824 0.756464004516602
0.627249002456665 0.760339021682739
0.64392101764679 0.764078974723816
0.660620987415314 0.767690002918243
0.677345991134644 0.771179974079132
0.694096028804779 0.774555027484894
0.71086597442627 0.777821004390717
0.72765702009201 0.780983984470367
0.744466006755829 0.784048020839691
0.761291980743408 0.787020027637482
0.778132975101471 0.789901971817017
0.794987976551056 0.792699992656708
0.811855971813202 0.795417010784149
0.828737020492554 0.798057019710541
0.845628976821899 0.800622999668121
0.862532019615173 0.803120017051697
0.879444003105164 0.805548012256622
0.896366000175476 0.80791300535202
0.913295984268188 0.810216009616852
0.930234014987946 0.812458992004395
0.947179019451141 0.814646005630493
0.964132010936737 0.816778004169464
0.981091022491455 0.818858027458191
0.998055994510651 0.82088702917099
1.01503002643585 0.8228679895401
