-0.00820211973041296 1.17265003041211E-07
0.0148122003301978 3.90379000236862E-07
0.0301785003393888 1.64320999829215E-06
0.0455643981695175 3.79907010028546E-06
0.0609708987176418 6.90048000251409E-06
0.0763989016413689 1.09925003926037E-05
0.0918492004275322 1.6123200111906E-05
0.107322998344898 2.23432998609496E-05
0.122821003198624 2.97071001114091E-05
0.138345003128052 3.82723992515821E-05
0.153896003961563 4.81005990877748E-05
0.169475004076958 5.92573014728259E-05
0.185084000229836 7.18126975698397E-05
0.200723007321358 8.58417988638394E-05
0.216396003961563 0.000101425001048483
0.232102006673813 0.000118647003546357
0.247844994068146 0.000137601993628778
0.258361011743546 0.000151248998008668
0.268893986940384 0.00016574100300204
0.279446005821228 0.000181109993718565
0.290015995502472 0.000197390007087961
0.300604999065399 0.000214618004974909
0.31121501326561 0.000232831996981986
0.321846008300781 0.000252071011345834
0.332498013973236 0.000272378005320206
0.343172997236252 0.000293796008918434
0.353870987892151 0.000316371995722875
0.364594012498856 0.000340155995218083
0.375342011451721 0.000365198007784784
0.38611501455307 0.000391554989619181
0.39691698551178 0.000419282994698733
0.407745987176895 0.000448442995548248
0.418604999780655 0.000479100010124967
0.429495006799698 0.00051132298540324
0.436771988868713 0.000533710001036525
0.444063991308212 0.00055684702238068
0.451371014118195 0.00058075797278434
0.458694010972977 0.000605467008426785
0.466033011674881 0.00063099799444899
0.473387002944946 0.000657378986943513
0.480758994817734 0.00068463699426502
0.488148003816605 0.000712800014298409
0.495555013418198 0.000741896976251155
0.50297999382019 0.000771960010752082
0.510424017906189 0.00080302101559937
0.517886996269226 0.000835112994536757
0.525370001792908 0.000868270988576114
0.53287398815155 0.000902531028259546
0.540399014949799 0.000937931996304542
0.547945976257324 0.000974512018729001
0.555514991283417 0.00101231003645808
0.563108026981354 0.00105137994978577
0.570724010467529 0.00109174998942763
0.57836502790451 0.00113347999285907
0.583473980426788 0.00116207997780293
0.588593006134033 0.00119131000246853
0.593724012374878 0.00122119998559356
0.598868012428284 0.00125176995061338
0.604022979736328 0.00128301000222564
0.609191000461578 0.0013149599544704
0.61437201499939 0.00134763994719833
0.619566023349762 0.00138104998040944
0.624773025512695 0.00141521997284144
0.629993975162506 0.00145016005262733
0.635227978229523 0.00148590002208948
0.640477001667023 0.00152246002107859
0.6457399725914 0.001559849944897
0.651017010211945 0.00159809994511306
0.656310021877289 0.00163722003344446
0.661617994308472 0.00167725002393126
0.666942000389099 0.00171821005642414
0.67228102684021 0.00176011002622545
0.677636981010437 0.00180297996848822
0.683009028434753 0.00184686004649848
0.688399016857147 0.00189175002742559
0.693804979324341 0.00193769996985793
0.699230015277863 0.00198472989723086
0.7046719789505 0.00203285994939506
0.710132002830505 0.00208211992867291
0.71561199426651 0.00213255011476576
0.719274997711182 0.00216684001497924
0.722947001457214 0.00220166007056832
0.726628005504608 0.00223703007213771
0.730316996574402 0.00227296003140509
0.734016001224518 0.00230946997180581
0.737722992897034 0.00234655011445284
0.741438984870911 0.00238421000540257
0.74516499042511 0.00242247991263866
0.74889999628067 0.00246136006899178
0.752645015716553 0.0025008600205183
0.756398975849152 0.00254099001176655
0.760163009166718 0.00258176005445421
0.763936996459961 0.00262318993918598
0.767719984054565 0.00266526988707483
0.771513998508453 0.00270803994499147
0.775318026542664 0.00275149010121822
0.779132008552551 0.00279563991352916
0.782956004142761 0.00284050009213388
0.786791026592255 0.00288608996197581
0.790636003017426 0.00293240998871624
0.79449200630188 0.00297947996295989
0.798358976840973 0.00302730989642441
0.802236974239349 0.00307591003365815
0.806125998497009 0.00312529993243515
0.810025990009308 0.0031754900701344
0.81393700838089 0.0032264799810946
0.817860007286072 0.0032783099450171
0.821793019771576 0.00333096995018423
0.825739026069641 0.00338449003174901
0.829695999622345 0.00343886995688081
0.833664000034332 0.00349412998184562
0.837644994258881 0.00355028989724815
0.841637015342712 0.00360734993591905
0.845641016960144 0.00366532988846302
0.849656999111176 0.00372425001114607
0.853685975074768 0.00378412008285522
0.857725977897644 0.0038449598941952
0.861778974533081 0.00390677014365792
0.864486992359161 0.00394851993769407
0.867200970649719 0.00399072980508208
0.869920015335083 0.00403338018804789
0.872645020484924 0.00407649017870426
0.875375986099243 0.00412004999816418
0.878112018108368 0.00416408013552427
0.880852997303009 0.00420856988057494
0.883599996566772 0.00425352994352579
0.886352002620697 0.00429897010326385
0.889110028743744 0.00434488011524081
0.891874015331268 0.00439128000289202
0.894643008708954 0.00443817023187876
0.897418022155762 0.00448554009199142
0.900197982788086 0.00453341985121369
0.902984023094177 0.0045817899517715
0.905775010585785 0.00463066017255187
0.908572018146515 0.00468003982678056
0.911373972892761 0.00472992984578013
0.914182007312775 0.00478034000843763
0.916994988918304 0.00483126984909177
0.919813990592957 0.00488271983340383
0.92263799905777 0.00493468996137381
0.925468027591705 0.00498719979077578
0.928304016590118 0.00504023022949696
0.931143999099731 0.00509381014853716
0.933990001678467 0.00514792976900935
0.936842024326324 0.00520259002223611
0.939698994159698 0.00525780022144318
0.942560970783234 0.00531355012208223
0.945429027080536 0.00536986999213696
0.94830197095871 0.00542673980817199
0.951179981231689 0.00548416981473565
0.95406299829483 0.00554216979071498
0.956951975822449 0.00560072995722294
0.959846019744873 0.00565986009314656
0.962745010852814 0.00571956997737288
0.965649008750916 0.00577984983101487
0.968558013439178 0.00584070011973381
0.971472024917603 0.00590213993564248
0.974390983581543 0.00596415996551514
0.977315008640289 0.00602676998823881
0.980243980884552 0.00608996022492647
0.983178019523621 0.00615373998880386
0.986115992069244 0.00621811021119356
0.989058971405029 0.00628308020532131
0.99200701713562 0.00634864019230008
0.994958996772766 0.0064147999510169
0.996930003166199 0.00645923987030983
0.998245000839233 0.0064890100620687
1 0.00652889022603631
1 0.00652889022603631
1.00176000595093 0.00656899018213153
1.0030699968338 0.00659919017925858
1.00504994392395 0.00664472999051213
1.00803005695343 0.00671353982761502
1.0110000371933 0.00678294990211725
1.01398003101349 0.00685296021401882
1.016970038414 0.00692358007654548
1.01996004581451 0.00699480995535851
1.02295005321503 0.00706664985045791
1.02594995498657 0.00713908998295665
1.02894997596741 0.00721214013174176
1.03194999694824 0.00728579983115196
1.0349600315094 0.00736007001250982
1.03796994686127 0.00743495021015406
1.04098999500275 0.00751043995842338
1.04401004314423 0.00758652994409204
1.04702997207642 0.00766324019059539
1.0500500202179 0.00774055020883679
1.05307996273041 0.00781846977770329
1.05611002445221 0.00789698958396912
1.05914998054504 0.00797612965106964
1.06219005584717 0.00805586017668247
1.06523001194 0.0081361997872591
1.06826996803284 0.00821715034544468
1.07132005691528 0.00829869043081999
1.07437002658844 0.0083808396011591
1.0774199962616 0.00846358016133308
1.08047997951508 0.00854691956192255
1.08353996276855 0.00863085966557264
1.08659994602203 0.00871539954096079
1.0896600484848 0.00880051963031292
1.09272003173828 0.00888624042272568
1.09579002857208 0.00897254981100559
1.09886002540588 0.00905944034457207
1.10193002223969 0.00914692040532827
1.10500001907349 0.00923497974872589
1.10808002948761 0.00932362023741007
1.11116003990173 0.00941284000873566
1.11423003673553 0.00950263999402523
1.11731994152069 0.00959300994873047
1.12039995193481 0.00968394987285137
1.12347996234894 0.00977545976638794
1.12656998634338 0.00986753031611443
1.12964999675751 0.009960169903934
1.13274002075195 0.0100533999502659
1.1358300447464 0.0101471003144979
1.13891994953156 0.0102414004504681
1.142009973526 0.0103363003581762
1.14509999752045 0.010431700386107
1.14820003509521 0.0105277001857758
1.15129005908966 0.0106242001056671
1.15438997745514 0.010721200145781
1.15748000144958 0.010818799957633
1.16058003902435 0.0109168998897076
1.16367995738983 0.0110154999420047
1.16676998138428 0.0111146997660398
1.16987001895905 0.0112143997102976
1.17297005653381 0.0113145997747779
1.17606997489929 0.0114153996109962
1.17917001247406 0.0115165999159217
1.18227005004883 0.0116183999925852
1.18536996841431 0.0117207001894712
1.1884800195694 0.0118233999237418
1.19158005714417 0.011926700361073
1.19467997550964 0.0120304999873042
1.19778001308441 0.012134799733758
1.20088994503021 0.0122395996004343
1.20398998260498 0.0123447999358177
1.20709002017975 0.0124506000429392
1.21174001693726 0.012610100209713
1.21640002727509 0.0127707002684474
1.22105002403259 0.0129324002191424
1.22571003437042 0.0130951004102826
1.23036003112793 0.0132588995620608
1.23501002788544 0.0134236998856068
1.23967003822327 0.0135895004495978
1.24432003498077 0.013756399974227
1.24897003173828 0.0139242000877857
1.25362002849579 0.0140931000933051
1.2582700252533 0.0142628997564316
1.2629200220108 0.0144336996600032
1.26757001876831 0.0146054998040199
1.2722100019455 0.0147781996056437
1.276859998703 0.0149518996477127
1.28150999546051 0.0151265002787113
1.2861499786377 0.0153019996359944
1.29078996181488 0.0154785001650453
1.29542994499207 0.0156558007001877
1.30007004737854 0.0158341005444527
1.30471003055573 0.0160131994634867
1.30935001373291 0.016193300485611
1.3139899969101 0.0163742005825043
1.31862998008728 0.0165558997541666
1.32325994968414 0.0167385991662741
1.3278900384903 0.0169220007956028
1.33253002166748 0.0171063002198935
1.33715999126434 0.0172914993017912
1.34178996086121 0.0174774993211031
1.34641003608704 0.0176643002778292
1.3510400056839 0.0178519003093243
1.35566997528076 0.0180402994155884
1.36029005050659 0.0182294007390738
1.36723005771637 0.0185147002339363
1.37416005134583 0.0188017003238201
1.38109004497528 0.0190904997289181
1.38802003860474 0.0193808991461992
1.39494001865387 0.0196729991585016
1.40187001228333 0.0199667997658253
1.40878999233246 0.0202622003853321
1.41570997238159 0.020559199154377
1.42262005805969 0.0208577997982502
1.42954003810883 0.0211580004543066
1.43645000457764 0.0214597005397081
1.44335997104645 0.0217630006372929
1.45027005672455 0.0220676995813847
1.45718002319336 0.0223740004003048
1.46408998966217 0.022681700065732
1.47098994255066 0.0229908991605043
1.47790002822876 0.0233015008270741
1.48479998111725 0.0236134994775057
1.49170005321503 0.0239269006997347
1.50206005573273 0.0243996009230614
1.5124100446701 0.0248753000050783
1.52276003360748 0.0253539998084307
1.53312003612518 0.0258357003331184
1.54347002506256 0.0263200998306274
1.55382001399994 0.0268073994666338
1.56417000293732 0.0272973999381065
1.57453000545502 0.0277900993824005
1.58489000797272 0.0282853990793228
1.59525001049042 0.0287833008915186
1.60561001300812 0.0292835999280214
1.61597001552582 0.0297864004969597
1.62634003162384 0.0302916001528502
1.63671004772186 0.0307991001754999
1.64708995819092 0.0313087999820709
1.65746998786926 0.0318208001554012
1.66786003112793 0.0323348008096218
1.67824995517731 0.0328509993851185
1.69385004043579 0.0336290001869202
1.70946002006531 0.0344112999737263
1.72508001327515 0.035197701305151
1.74072003364563 0.0359878987073898
1.75637996196747 0.0367818996310234
1.77205002307892 0.0375793017446995
1.78773999214172 0.0383799001574516
1.80344998836517 0.0391835011541843
1.81916999816895 0.0399898998439312
1.83492004871368 0.0407987982034683
1.85069000720978 0.041610099375248
1.86646997928619 0.0424234010279179
1.88227999210358 0.0432384982705116
1.8981100320816 0.0440553016960621
1.91395998001099 0.0448734983801842
1.92982995510101 0.0456928014755249
1.94571995735168 0.0465129986405373
1.96164000034332 0.047333899885416
1.97757995128632 0.0481553003191948
1.99354004859924 0.0489768013358116
2.00953006744385 0.0497983992099762
2.02553009986877 0.0506196990609169
2.04155993461609 0.0514404997229576
2.05761003494263 0.0522607006132603
2.07368993759155 0.0530798994004726
2.08978009223938 0.053898099809885
2.10590004920959 0.0547148995101452
2.12205004692078 0.0555301010608673
2.13821005821228 0.0563437007367611
2.15439009666443 0.0571551993489265
2.17059993743896 0.057964701205492
2.18683004379272 0.058771800249815
2.20307993888855 0.0595763996243477
2.2193500995636 0.060378298163414
2.23564004898071 0.0611773990094662
2.25195002555847 0.0619735009968281
2.26828002929688 0.0627662986516953
2.28463006019592 0.0635557994246483
2.30100011825562 0.0643419027328491
2.31738996505737 0.0651243031024933
2.33380007743835 0.065902903676033
2.35021996498108 0.06667760014534
2.36666989326477 0.0674483999609947
2.38313007354736 0.0682149007916451
2.3996000289917 0.0689772963523865
2.416100025177 0.069735199213028
2.43261003494263 0.070488803088665
2.44913005828857 0.0712376981973648
2.46567988395691 0.0719821006059647
2.48222994804382 0.0727216973900795
2.49880003929138 0.0734566003084183
2.51538991928101 0.0741866007447243
2.53199005126953 0.0749116018414497
2.5485999584198 0.0756317004561424
2.56522989273071 0.0763467997312546
2.58187007904053 0.0770566985011101
2.59852004051208 0.0777615010738373
2.61519002914429 0.0784611999988556
2.63186001777649 0.0791556984186172
2.64855003356934 0.0798448994755745
2.6652500629425 0.0805289000272751
2.681960105896 0.0812076032161713
2.69867992401123 0.0818810015916824
2.71542000770569 0.0825491026043892
2.73216009140015 0.0832118988037109
2.74890995025635 0.0838693007826805
2.76567006111145 0.0845213979482651
2.7824399471283 0.0851681977510452
2.79922008514404 0.085809700191021
2.81599998474121 0.0864458009600639
2.83279991149902 0.0870765969157219
2.84960007667542 0.087702102959156
2.86642003059387 0.0883222967386246
2.88323998451233 0.0889372974634171
2.90005993843079 0.0895470008254051
2.91689991950989 0.0901515036821365
2.93373990058899 0.0907507017254829
2.95058989524841 0.091344803571701
2.96743988990784 0.0919336974620819
2.98429989814758 0.0925173982977867
3.00116991996765 0.0930960029363632
3.01803994178772 0.0936696007847786
3.03491997718811 0.0942381024360657
3.06025004386902 0.0950815007090569
3.08558988571167 0.0959137007594109
3.11093997955322 0.0967347994446754
3.1363000869751 0.0975451022386551
3.16167998313904 0.0983444973826408
3.18706011772156 0.09913320094347
3.21245002746582 0.0999113991856575
3.23784995079041 0.100679002702236
3.26326990127563 0.101437002420425
3.28868007659912 0.102183997631073
3.31411004066467 0.10292100161314
3.33955001831055 0.103648997843266
3.36498999595642 0.10436700284481
3.39043998718262 0.105075001716614
3.41588997840881 0.105774000287056
3.44135999679565 0.106463000178337
3.4668300151825 0.107143998146057
3.49230003356934 0.107814997434616
3.5177800655365 0.108478002250195
3.54326009750366 0.109131000936031
3.56874990463257 0.109775997698307
3.59424996376038 0.110412999987602
3.6324999332428 0.111353002488613
3.67075991630554 0.112273998558521
3.70902991294861 0.113177001476288
3.747309923172 0.114063002169132
3.78559994697571 0.114932000637054
3.82389998435974 0.115785002708435
3.86220002174377 0.116621002554893
3.90051007270813 0.11744099855423
3.93882989883423 0.118245996534824
3.97714996337891 0.119035996496677
4.01547002792358 0.119811996817589
4.05381011962891 0.120572999119759
4.09215021133423 0.121320001780987
4.13048982620239 0.122054003179073
4.16883993148804 0.122775003314018
4.20719003677368 0.123481996357441
4.26471996307373 0.124519996345043
4.32226991653442 0.125531002879143
4.37981986999512 0.126515001058578
4.43737983703613 0.127473995089531
4.49493980407715 0.128407999873161
4.55250978469849 0.129318997263908
4.61008977890015 0.130207002162933
4.66766977310181 0.131072998046875
4.72525978088379 0.131917998194695
4.78284978866577 0.132743000984192
4.84044981002808 0.133546993136406
4.89804983139038 0.134332999587059
4.98444986343384 0.135477006435394
5.07086992263794 0.136581003665924
