-0.0155041003599763 3.43821000114986E-07
0.00727920979261398 7.7110996699048E-08
0.0300884004682302 1.34082995373319E-06
0.0529248006641865 4.22326002080808E-06
0.0757900029420853 8.81933010532521E-06
0.0986853986978531 1.52312995851389E-05
0.121613003313541 2.35692004935117E-05
0.144574001431465 3.39522994181607E-05
0.167570993304253 4.65090015495662E-05
0.190604999661446 6.13786032772623E-05
0.213679999113083 7.87124008638784E-05
0.229085996747017 9.17176002985798E-05
0.244512006640434 0.000105942999653053
0.259959012269974 0.000121443001262378
0.275426000356674 0.000138276998768561
0.290915995836258 0.000156505993800238
0.306428998708725 0.000176197005202994
0.321967005729675 0.000197418994503096
0.337529003620148 0.000220247005927376
0.353118002414703 0.00024476001271978
0.368734002113342 0.00027104199398309
0.384378999471664 0.000299181992886588
0.40005499124527 0.000329278002027422
0.415762007236481 0.000361429993063211
0.431501001119614 0.000395748997107148
0.447275996208191 0.000432350992923602
0.457812011241913 0.000458082999102771
0.468365997076035 0.000484924996271729
0.478935986757278 0.000512917991727591
0.489524006843567 0.00054210500093177
0.500131011009216 0.000572532997466624
0.510757029056549 0.000604249013122171
0.52140200138092 0.000637302990071476
0.532068014144897 0.00067174801370129
0.542755007743835 0.000707640021573752
0.553463995456696 0.000745035998988897
0.564195990562439 0.000783998984843493
0.574950993061066 0.000824592018034309
0.585731029510498 0.000866885995492339
0.59653502702713 0.000910950009711087
0.607366979122162 0.000956862990278751
0.61822497844696 0.00100469996687025
0.629110991954803 0.00105455995071679
0.640026986598969 0.00110651005525142
0.647320985794067 0.0011423600371927
0.654628992080688 0.00117922003846616
0.661951005458832 0.00121711997780949
0.669287979602814 0.00125607999507338
0.676639974117279 0.00129615003243089
0.684006989002228 0.00133734999690205
0.691389977931976 0.00137972005177289
0.698790013790131 0.00142331002280116
0.706206023693085 0.00146814004983753
0.7136390209198 0.00151425995863974
0.721090018749237 0.00156171002890915
0.728559017181396 0.00161053996998817
0.736046016216278 0.00166078994516283
0.743552982807159 0.00171250000130385
0.751079022884369 0.00176573998760432
0.758624970912933 0.00182054005563259
0.766192018985748 0.00187697005458176
0.773781001567841 0.00193508004304022
0.781391024589539 0.0019949299748987
0.789023995399475 0.00205658003687859
0.796679973602295 0.00212008995003998
0.801796972751617 0.00216350005939603
0.806924998760223 0.00220780004747212
0.812063992023468 0.00225298991426826
0.817215025424957 0.00229909992776811
0.822376012802124 0.00234615989029408
0.827549993991852 0.00239419005811214
0.832735002040863 0.00244322000071406
0.837931990623474 0.00249324995093048
0.843141973018646 0.00254432996734977
0.848363995552063 0.00259648007340729
0.853599011898041 0.00264973007142544
0.85884702205658 0.00270409998483956
0.864108979701996 0.00275962008163333
0.869382977485657 0.00281631993129849
0.874671995639801 0.00287423003464937
0.879975020885468 0.00293338997289538
0.885291993618011 0.00299382000230253
0.890622973442078 0.00305555993691087
0.895968973636627 0.00311865005642176
0.901331007480621 0.00318310991860926
0.906708002090454 0.00324899004772305
0.91210001707077 0.00331632001325488
0.917509019374847 0.00338514009490609
0.922933995723724 0.00345549010671675
0.928375005722046 0.00352742010727525
0.933833003044128 0.00360095989890397
0.937480986118317 0.00365089997649193
0.94113701581955 0.00370160001330078
0.944800972938538 0.00375304999761283
0.948472023010254 0.00380528997629881
0.952152013778687 0.00385830993764102
0.955839991569519 0.00391214992851019
0.959535002708435 0.00396679993718863
0.963239014148712 0.00402228999882936
0.966951012611389 0.00407862011343241
0.970672011375427 0.00413582986220717
0.974400997161865 0.00419390993192792
0.978138983249664 0.00425289012491703
0.981885015964508 0.00431278999894857
0.985639989376068 0.00437361001968384
0.989404022693634 0.00443537998944521
0.993176996707916 0.00449811993166804
0.995697021484375 0.00454048998653889
0.997379004955292 0.00456898007541895
0.998502016067505 0.00458808010444045
1 0.00461369007825851
1 0.00461369007825851
1.00150001049042 0.00463945977389812
1.00261998176575 0.00465888995677233
1.00431001186371 0.00468820007517934
1.00685000419617 0.00473255990073085
1.01066994667053 0.00479996996000409
1.01449000835419 0.00486843986436725
1.0183299779892 0.00493799988180399
1.02216994762421 0.00500865979120135
1.02602005004883 0.00508044986054301
1.02988004684448 0.005153379868716
1.03375995159149 0.00522748008370399
1.03763997554779 0.00530275981873274
1.04153001308441 0.0053792498074472
1.04542994499207 0.00545697007328272
1.04934000968933 0.00553594017401338
1.05325996875763 0.00561618013307452
1.05719995498657 0.00569770997390151
1.06113994121552 0.00578055996447802
1.06508994102478 0.00586475012823939
1.06904995441437 0.00595030002295971
1.07301998138428 0.00603723991662264
1.07701003551483 0.0061255800537765
1.0809999704361 0.0062153497710824
1.08500003814697 0.00630659004673362
1.08901000022888 0.00639929994940758
1.09303998947144 0.00649351021274924
1.09706997871399 0.00658925017341971
1.10110998153687 0.00668655009940267
1.10517001152039 0.00678541976958513
1.10923004150391 0.00688588991761208
1.11330997943878 0.0069879898801446
1.11739003658295 0.00709174014627934
1.12147998809814 0.00719717005267739
1.12558996677399 0.00730430008843541
1.12969994544983 0.00741314981132746
1.13382995128632 0.00752376019954681
1.1379599571228 0.00763614010065794
1.14209997653961 0.00775031978264451
1.14626002311707 0.00786633044481277
1.15041995048523 0.00798418000340462
1.15459001064301 0.00810390990227461
1.15876996517181 0.00822553969919682
1.16296005249023 0.00834907963871956
1.16716003417969 0.00847456976771355
1.17137002944946 0.00860202964395285
1.17559003829956 0.0087314797565341
1.17981004714966 0.00886294990777969
1.18403995037079 0.00899645034223795
1.18827998638153 0.00913200993090868
1.1925300359726 0.00926963984966278
1.19678997993469 0.00940938014537096
1.20105004310608 0.00955124013125896
1.2053200006485 0.00969524029642344
1.20959997177124 0.00984138995409012
1.21387994289398 0.0099897300824523
1.21817994117737 0.0101402997970581
1.22247004508972 0.0102930003777146
1.22677004337311 0.0104480003938079
1.23108005523682 0.0106052001938224
1.23539996147156 0.0107647003605962
1.23970997333527 0.0109264003112912
1.24404001235962 0.011090500280261
1.24836003780365 0.0112568996846676
1.25268995761871 0.011425499804318
1.25703001022339 0.0115964999422431
1.26136994361877 0.011769900098443
1.26570999622345 0.0119455996900797
1.27005004882813 0.0121235996484756
1.27439999580383 0.0123041002079844
1.27874994277954 0.01248690020293
1.28308999538422 0.0126721002161503
1.28744995594025 0.0128597002476454
1.29180002212524 0.0130495997145772
1.29614996910095 0.0132419997826219
1.30050003528595 0.0134367998689413
1.30485999584198 0.013634099625051
1.30920994281769 0.01383369974792
1.31356000900269 0.0140357995405793
1.31790995597839 0.0142401996999979
1.32226002216339 0.0144472001120448
1.3266099691391 0.0146564999595284
1.3309600353241 0.0148683004081249
1.33529996871948 0.0150824999436736
1.33964002132416 0.0152991004288197
1.34397995471954 0.0155181996524334
1.34832000732422 0.0157396998256445
1.35265004634857 0.0159635990858078
1.35697996616364 0.0161899998784065
1.36131000518799 0.0164187997579575
1.36563003063202 0.0166500005871058
1.36995005607605 0.0168836005032063
1.37425994873047 0.017119700089097
1.37856996059418 0.0173582006245852
1.38287997245789 0.0175991002470255
1.38716995716095 0.0178424995392561
1.39146995544434 0.018088199198246
1.39576005935669 0.0183364003896713
1.40004003047943 0.0185870006680489
1.40432000160217 0.0188400000333786
1.40858995914459 0.0190954003483057
1.41285002231598 0.019353199750185
1.41710996627808 0.0196135006844997
1.42136001586914 0.0198761001229286
1.42560994625092 0.0201411992311478
1.42984998226166 0.0204086005687714
1.43408000469208 0.0206784997135401
1.4383100271225 0.0209506992250681
1.4425300359726 0.0212254002690315
1.44674003124237 0.0215023998171091
1.45095002651215 0.0217819008976221
1.45513999462128 0.0220637004822493
1.45933997631073 0.0223479997366667
1.46352005004883 0.0226346999406815
1.46770000457764 0.0229237005114555
1.47186994552612 0.0232152007520199
1.47602999210358 0.0235091000795364
1.48019003868103 0.0238054003566504
1.48433005809784 0.0241040997207165
1.48846995830536 0.02440520003438
1.49260997772217 0.0247086994349957
1.49673998355865 0.0250145997852087
1.5008499622345 0.025322899222374
1.50496995449066 0.0256337001919746
1.50907003879547 0.0259469002485275
1.51317000389099 0.0262624993920326
1.51725995540619 0.0265806000679731
1.52134001255035 0.0269010998308659
1.52541995048523 0.0272240005433559
1.52948999404907 0.0275494009256363
1.53355002403259 0.0278772991150618
1.53760004043579 0.0282076001167297
1.54165005683899 0.0285403002053499
1.54568994045258 0.0288756005465984
1.54972004890442 0.0292132999747992
1.55375003814697 0.0295534990727901
1.5577700138092 0.0298960991203785
1.56177997589111 0.0302412994205952
1.56579005718231 0.0305889993906021
1.5697900056839 0.0309392008930445
1.57377994060516 0.0312918983399868
1.57776999473572 0.0316471010446548
1.58175003528595 0.0320049002766609
1.58571994304657 0.0323651991784573
1.58968997001648 0.0327280014753342
1.59364998340607 0.0330934002995491
1.59958004951477 0.0336464010179043
1.60549998283386 0.0342051014304161
1.6114000082016 0.0347696989774704
1.61730003356934 0.0353401005268097
1.62317001819611 0.0359163992106915
1.62904000282288 0.036498699337244
1.634889960289 0.0370869003236294
1.64074003696442 0.0376811996102333
1.6465699672699 0.03828139975667
1.65239000320435 0.0388877987861633
1.65820002555847 0.0395001992583275
1.66399002075195 0.0401187986135483
1.66978001594543 0.040743499994278
1.67555999755859 0.0413744002580643
1.68132996559143 0.0420115999877453
1.68709003925323 0.0426549986004829
1.69283998012543 0.0433047004044056
1.69859004020691 0.0439607985317707
1.70431995391846 0.0446233004331589
1.71004998683929 0.0452921018004417
1.71577000617981 0.0459674000740051
1.72149002552032 0.0466490983963013
1.73003995418549 0.0476838983595371
1.73859000205994 0.0487333983182907
1.74713003635406 0.049797598272562
1.75565004348755 0.0508767999708652
1.76417005062103 0.051970899105072
1.77268004417419 0.0530799999833107
1.78118002414703 0.054204098880291
1.78968000411987 0.0553434006869793
1.79817998409271 0.0564978010952473
1.80666995048523 0.0576673001050949
1.81517004966736 0.0588519982993603
1.8236700296402 0.0600518994033337
1.83217000961304 0.0612668991088867
1.8406800031662 0.0624969005584717
1.84918999671936 0.0637419000267982
1.85771000385284 0.0650018975138664
1.86625003814697 0.0662766993045807
1.87479996681213 0.0675660967826843
1.88336002826691 0.0688700973987579
1.89193999767303 0.0701884031295776
1.90052998065948 0.0715209022164345
1.9091500043869 0.0728672966361046
1.91778004169464 0.0742273032665253
1.92644000053406 0.0756006017327309
1.93513000011444 0.0769869983196259
1.94384002685547 0.0783860981464386
1.95257997512817 0.0797974988818169
1.96134996414185 0.0812207981944084
1.97014999389648 0.0826556012034416
1.9789799451828 0.0841012969613075
1.98784995079041 0.0855574980378151
1.9967600107193 0.0870236977934837
2.00570011138916 0.0884992033243179
2.01467990875244 0.0899835973978043
2.02369999885559 0.09147609770298
2.03276991844177 0.0929761007428169
2.0418701171875 0.0944830998778343
2.05101990699768 0.0959962010383606
2.06022000312805 0.097514696419239
2.06945991516113 0.0990381017327309
2.0787398815155 0.100565001368523
2.08807992935181 0.102095998823643
2.0974600315094 0.103629000484943
2.1068799495697 0.105163998901844
2.11635994911194 0.106700003147125
2.12588000297546 0.108235999941826
2.13545989990234 0.109770998358727
2.14508008956909 0.111304998397827
2.15474009513855 0.112837001681328
2.16445994377136 0.114366002380848
2.17423009872437 0.115891002118587
2.18404006958008 0.117412999272346
2.19389009475708 0.118928998708725
2.20379996299744 0.120439000427723
2.21374988555908 0.12194400280714
2.2237401008606 0.123441003262997
2.23377990722656 0.124931000173092
2.2438600063324 0.126413002610207
2.25397992134094 0.12788599729538
2.2641499042511 0.129351004958153
2.27434992790222 0.130805000662804
2.28460001945496 0.132249996066093
2.29487991333008 0.133683994412422
2.30520009994507 0.13510699570179
2.31556010246277 0.136519998311996
2.32594990730286 0.137921005487442
2.33636999130249 0.139310002326965
2.34682989120483 0.140687003731728
2.35732007026672 0.142050996422768
2.36785006523132 0.143404006958008
2.37840008735657 0.144742995500565
2.3889799118042 0.146070003509521
2.39959001541138 0.147384002804756
2.41022992134094 0.148684993386269
2.42089009284973 0.149973005056381
2.43158006668091 0.15124799311161
2.44230008125305 0.15250900387764
2.45303010940552 0.153757005929947
2.46378993988037 0.154991999268532
2.47457003593445 0.156213998794556
2.48537993431091 0.157422006130219
2.49620008468628 0.158617004752159
2.50704002380371 0.159798994660378
2.51789999008179 0.160968005657196
2.52877998352051 0.162123993039131
2.53968000411987 0.163267001509666
2.55059003829956 0.164397001266479
2.56152009963989 0.165515005588531
2.57246994972229 0.166619002819061
2.58342003822327 0.16771100461483
2.59439992904663 0.168790996074677
2.6053900718689 0.169857993721962
2.61638998985291 0.170912995934486
2.62739992141724 0.17195600271225
2.63842010498047 0.172986999154091
2.64946007728577 0.174006000161171
2.66051006317139 0.17501300573349
2.67157006263733 0.176008999347687
2.68264007568359 0.176993995904922
2.69372010231018 0.177966997027397
2.70480990409851 0.178929001092911
2.71590995788574 0.179879993200302
2.7270200252533 0.180821001529694
2.73813009262085 0.181749999523163
2.74925994873047 0.182668998837471
2.76039004325867 0.183577999472618
2.77152991294861 0.184476003050804
2.78268003463745 0.185363993048668
2.79382991790771 0.186241999268532
2.8050000667572 0.187111005187035
2.81616997718811 0.187969997525215
2.82733988761902 0.188819006085396
2.83852005004883 0.189658001065254
2.84970998764038 0.190488994121552
2.86089992523193 0.191310003399849
2.87210011482239 0.192121997475624
2.88331007957458 0.192925006151199
2.90012001991272 0.194113999605179
2.9169499874115 0.195282995700836
2.9337899684906 0.196434006094933
2.9506299495697 0.197566002607346
2.96748995780945 0.198679998517036
2.98435997962952 0.199775993824005
3.00123000144958 0.200855001807213
3.01811003684998 0.201918005943298
3.03500008583069 0.2029629945755
3.05189990997314 0.203992992639542
3.06879997253418 0.205007001757622
3.08572006225586 0.20600600540638
3.10262989997864 0.206989005208015
3.11956000328064 0.207957997918129
3.13649010658264 0.208912000060081
3.15341997146606 0.209851995110512
3.17036008834839 0.210777997970581
3.18730998039246 0.211691007018089
3.2042601108551 0.212589994072914
3.22121000289917 0.213477000594139
3.24665999412537 0.214782997965813
3.27210998535156 0.216061994433403
3.29756999015808 0.217313006520271
3.3230299949646 0.218538999557495
3.34851002693176 0.219740003347397
3.37399005889893 0.220916002988815
3.39948010444641 0.22206899523735
3.42496991157532 0.223198994994164
3.45047998428345 0.224306002259254
3.47598004341125 0.225391998887062
3.50149989128113 0.226456999778748
3.52700996398926 0.227502003312111
3.55254006385803 0.228525996208191
3.57805991172791 0.22953200340271
3.603600025177 0.230518996715546
3.6291298866272 0.23148800432682
3.66743993759155 0.232907995581627
3.70576000213623 0.23429000377655
3.74409008026123 0.235635995864868
3.78241991996765 0.236947000026703
3.82076001167297 0.238223999738693
3.8591001033783 0.239467993378639
3.89744997024536 0.240682005882263
3.93581008911133 0.241864994168282
3.97416996955872 0.243019998073578
4.0125298500061 0.244147002696991
4.05089998245239 0.245247006416321
4.08927011489868 0.246320992708206
4.14684009552002 0.247886002063751
4.20441007614136 0.249396994709969
4.26199007034302 0.250858992338181
4.319580078125 0.252272009849548
4.37717008590698 0.253639996051788
4.43476009368896 0.254963994026184
4.49236011505127 0.256247997283936
4.5499701499939 0.257492005825043
4.60758018493652 0.258697986602783
4.66519021987915 0.259869009256363
4.72279977798462 0.261005997657776
4.80922985076904 0.26264899969101
4.89566993713379 0.264223992824554
4.98211002349854 0.265735000371933
5.06855010986328 0.267185002565384
