-0.00665445998311043 5.42517000212683E-08
0.0273157004266977 9.35170987759193E-07
0.0613265000283718 4.82447012473131E-06
0.095380499958992 1.19504002213944E-05
0.118109002709389 1.86220004252391E-05
0.140857994556427 2.69238007604145E-05
0.16363100707531 3.69416011380963E-05
0.186426997184753 4.87674988107756E-05
0.20924699306488 6.25000975560397E-05
0.232094004750252 7.82447023084387E-05
0.254967987537384 9.61148034548387E-05
0.277869999408722 0.000116231996798888
0.300803005695343 0.000138727002195083
0.323767006397247 0.000163741002324969
0.346765011548996 0.000191426006495021
0.369798988103867 0.000221946000237949
0.392868995666504 0.000255480001214892
0.415978997945786 0.000292218988761306
0.431409001350403 0.000318595994031057
0.446857988834381 0.00034655598574318
0.462325990200043 0.00037617000634782
0.477815985679626 0.000407512008678168
0.493326991796494 0.000440661009633914
0.508861005306244 0.000475701002869755
0.524417996406555 0.000512720027472824
0.540000021457672 0.00055181299103424
0.55560702085495 0.000593080010730773
0.57124000787735 0.000636628014035523
0.586901009082794 0.000682569982018322
0.602591991424561 0.000731027976144105
0.618312001228333 0.000782131974119693
0.634064018726349 0.000836018996778876
0.649847984313965 0.00089283799752593
0.66566801071167 0.000952747999690473
0.681523025035858 0.00101591995917261
0.697416007518768 0.00108253001235425
0.713348984718323 0.00115279003512114
0.729323983192444 0.00122689001727849
0.745342016220093 0.00130507000721991
0.761407017707825 0.00138757994864136
0.77751898765564 0.00147468002978712
0.793682992458344 0.00156666000839323
0.809898972511292 0.00166382000315934
0.826173007488251 0.00176650995854288
0.842504978179932 0.00187509995885193
0.858900010585785 0.00198997999541461
0.875361025333405 0.00211159000173211
0.89189201593399 0.00224041007459164
0.908496022224426 0.00237695011310279
0.925177991390228 0.00252179009839892
0.941942989826202 0.00267556007020175
0.958795011043549 0.00283893989399076
0.975739002227783 0.0030126899946481
0.992780983448029 0.0031976499594748
1.00993001461029 0.00339474994689226
1.02717995643616 0.00360500998795033
1.0445499420166 0.00382957002148032
1.06204998493195 0.00406969012692571
1.07966995239258 0.00432677986100316
1.09744000434875 0.00460242014378309
1.11535000801086 0.00489833997562528
1.13340997695923 0.0052165100350976
1.15163004398346 0.00555909983813763
1.17002999782562 0.00592856993898749
1.18859994411469 0.00632763002067804
1.20735001564026 0.00675933016464114
1.22630000114441 0.00722707016393542
1.24542999267578 0.00773460976779461
1.26477003097534 0.00828611012548208
1.28429996967316 0.00888615008443594
1.30402004718781 0.00953972991555929
1.32390999794006 0.0102522000670433
1.34396994113922 0.0110293002799153
1.36415994167328 0.0118770999833941
1.38445997238159 0.012801700271666
1.40481996536255 0.0138092003762722
1.42518997192383 0.0149058997631073
1.44550001621246 0.0160972997546196
1.46570003032684 0.0173889994621277
1.485720038414 0.0187855996191502
1.50547003746033 0.0202913992106915
1.52488994598389 0.0219103004783392
1.54392004013062 0.0236457996070385
1.5625 0.0255008991807699
1.58055996894836 0.027479000389576
1.59808003902435 0.0295835006982088
1.61502003669739 0.0318181999027729
1.63134002685547 0.0341872982680798
1.64702999591827 0.0366958007216454
1.66207003593445 0.0393491983413696
1.67645001411438 0.0421537011861801
1.69016003608704 0.045116301625967
1.70318996906281 0.0482445992529392
1.71553003787994 0.05154699832201
1.7271900177002 0.0550325997173786
1.73817002773285 0.0587107986211777
1.74846994876862 0.0625919997692108
1.75809001922607 0.0666868016123772
1.76706004142761 0.0710062012076378
1.77538001537323 0.0755617991089821
1.78306996822357 0.0803652033209801
1.79017996788025 0.0854282006621361
1.79673004150391 0.0907628983259201
1.80277001857758 0.0963808968663216
1.80835998058319 0.102293998003006
1.81357002258301 0.108512997627258
1.81849002838135 0.115050002932549
1.82321000099182 0.121912002563477
1.82784998416901 0.129108995199203
1.8325400352478 0.136646002531052
1.83743000030518 0.14452500641346
1.84267997741699 0.152741000056267
1.84850001335144 0.161283999681473
1.85505998134613 0.170131996273994
1.86257994174957 0.179247006773949
1.87126004695892 0.188577994704247
1.88126003742218 0.198053002357483
1.89272999763489 0.207580998539925
1.90573000907898 0.217062994837761
1.92027997970581 0.22639499604702
1.9363100528717 0.235482007265091
1.9536999464035 0.244246006011963
1.97230994701385 0.25263300538063
1.99196994304657 0.260610014200211
2.01253008842468 0.26816600561142
2.03383994102478 0.27530500292778
2.05577993392944 0.282039999961853
2.07824993133545 0.288392007350922
2.10115003585815 0.294385999441147
2.12440991401672 0.300044000148773
2.14796996116638 0.305393010377884
2.17178988456726 0.31045600771904
2.19583010673523 0.315254002809525
2.22004008293152 0.319808006286621
2.24442005157471 0.324135988950729
2.26891994476318 0.328256994485855
2.29355001449585 0.332185000181198
2.31826996803284 0.335934013128281
2.34308004379272 0.339518010616302
2.36796998977661 0.342947006225586
2.39292001724243 0.346233010292053
2.41793990135193 0.349384009838104
2.44300007820129 0.3524110019207
2.46812009811401 0.355320006608963
2.49326992034912 0.358119010925293
2.5184600353241 0.360814988613129
2.54368996620178 0.363413006067276
2.56893992424011 0.365920007228851
2.59421992301941 0.368339985609055
2.61952996253967 0.37067899107933
2.64486002922058 0.372940987348557
2.67020988464355 0.375129997730255
2.69558000564575 0.377249002456665
2.72095990180969 0.379301995038986
2.74636006355286 0.381292998790741
2.77178001403809 0.383224993944168
2.79720997810364 0.385098993778229
2.82264995574951 0.386920005083084
2.84809994697571 0.388689011335373
2.87355995178223 0.390408992767334
2.89902997016907 0.392082005739212
2.92451000213623 0.393709987401962
2.95000004768372 0.395294994115829
2.96698999404907 0.396328985691071
2.97832989692688 0.397008001804352
2.98587989807129 0.397455990314484
2.9909200668335 0.397753000259399
2.99428009986877 0.397949993610382
2.99652004241943 0.398081004619598
2.99800992012024 0.398169010877609
3 0.398285001516342
3 0.398285001516342
3.00199007987976 0.398400992155075
3.00347995758057 0.398487001657486
3.00571990013123 0.398616999387741
3.0090799331665 0.398811995983124
3.01412010192871 0.399102002382278
3.02168011665344 0.399533987045288
3.03302001953125 0.400177001953125
3.05002999305725 0.401127994060516
3.0755500793457 0.402525991201401
3.10106992721558 0.403889000415802
3.12661004066467 0.405220001935959
3.15213990211487 0.406520009040833
3.17768001556396 0.407790005207062
3.2032299041748 0.409031003713608
3.2287700176239 0.410243988037109
3.25432991981506 0.41143000125885
3.27988004684448 0.412589013576508
3.31821990013123 0.414281994104385
3.35657000541687 0.415921986103058
3.39492011070251 0.417510002851486
3.4332799911499 0.419048994779587
3.47164011001587 0.420542985200882
3.51001000404358 0.421992003917694
3.54837989807129 0.42339900135994
3.5867600440979 0.424766004085541
3.62513995170593 0.426093995571136
3.66352009773254 0.427385985851288
3.7019100189209 0.428642004728317
3.75949001312256 0.430463999509811
3.81709003448486 0.432213991880417
3.87468004226685 0.433898001909256
3.93229007720947 0.435519009828568
3.98989009857178 0.43707999587059
4.04751014709473 0.438585013151169
4.10512018203735 0.44003701210022
4.1627402305603 0.441437989473343
4.22035980224609 0.442793011665344
4.27798986434937 0.444101989269257
4.36442995071411 0.445984989404678
4.45088005065918 0.447780013084412
4.53733015060425 0.449492007493973
4.62378978729248 0.451126009225845
4.71024990081787 0.452688008546829
4.79671001434326 0.454183995723724
4.88318014144897 0.455615997314453
4.96963977813721 0.456990003585815
5.06961011886597 0.458508998155594
