-0.00920103956013918 9.01102978900781E-08
0.0246025007218122 6.57362022593588E-07
0.0584343001246452 3.78523009203491E-06
0.0922959968447685 9.64282025961438E-06
0.126188993453979 1.84138007170986E-05
0.160116001963615 3.02980006381404E-05
0.194078996777534 4.55131994385738E-05
0.228079006075859 6.42973027424887E-05
0.262120008468628 8.69107025209814E-05
0.284837007522583 0.000104254002508242
0.30757400393486 0.000123516001622193
0.330332010984421 0.000144795994856395
0.353112012147903 0.000168195998412557
0.375914007425308 0.000193828993360512
0.398739993572235 0.000221813999814913
0.421591013669968 0.00025227598962374
0.4444679915905 0.000285354006337002
0.467372000217438 0.000321191997500136
0.490305006504059 0.000359950005076826
0.513267993927002 0.000401795987272635
0.536261975765228 0.000446913007181138
0.559289991855621 0.000495497020892799
0.582352995872498 0.000547763018403202
0.605452001094818 0.000603939988650382
0.628589987754822 0.000664280029013753
0.651769995689392 0.000729052000679076
0.674992024898529 0.000798553985077888
0.698261022567749 0.000873106997460127
0.721578001976013 0.000953064009081572
0.744946002960205 0.00103881000541151
0.768369019031525 0.00113076996058226
0.79184901714325 0.0012294000480324
0.815392017364502 0.00133521994575858
0.838998973369598 0.00144878996070474
0.862676024436951 0.0015707400161773
0.886427998542786 0.00170175998937339
0.910259008407593 0.00184262997936457
0.93417501449585 0.00199420005083084
0.958181977272034 0.00215744995512068
0.982285976409912 0.00233344989828765
1.00648999214172 0.00252343993633986
1.03082001209259 0.00272879004478455
1.05525994300842 0.00295106996782124
1.07983005046844 0.00319207995198667
1.10453999042511 0.00345387007109821
1.12941002845764 0.00373878004029393
1.15443003177643 0.00404954981058836
1.17964005470276 0.00438932003453374
1.20502996444702 0.00476176990196109
1.23063004016876 0.00517121981829405
1.25645005702972 0.00562275014817715
1.28250002861023 0.0061223697848618
1.30880999565125 0.00667724013328552
1.33538997173309 0.0072959098033607
1.3622499704361 0.00798866990953684
1.3894100189209 0.00876788981258869
1.41684997081757 0.0096485298126936
1.44458997249603 0.0106485998257995
1.47256994247437 0.0117897000163794
1.50074994564056 0.0130976997315884
1.52901995182037 0.0146025996655226
1.55724000930786 0.016338599845767
1.58516001701355 0.0183432009071112
1.61248004436493 0.0206550993025303
1.63882005214691 0.0233114007860422
1.66375994682312 0.0263446997851133
1.6868599653244 0.029781399294734
1.70773994922638 0.0336412005126476
1.7260799407959 0.0379390008747578
1.74168002605438 0.0426869988441467
1.75440001487732 0.0478967018425465
1.76419997215271 0.0535796992480755
1.77109003067017 0.0597486011683941
1.77514004707336 0.0664158016443253
1.77646005153656 0.0735938027501106
1.77629995346069 0.0762780010700226
1.77415001392365 0.0841683968901634
1.76968002319336 0.0925979018211365
1.76306998729706 0.101579003036022
1.75457000732422 0.111124999821186
1.74439001083374 0.121251001954079
1.73278999328613 0.131975993514061
1.71999001502991 0.143319994211197
1.70624005794525 0.155307993292809
1.69178998470306 0.16797000169754
1.67686998844147 0.181341007351875
1.66173994541168 0.195461004972458
1.64666998386383 0.210374996066093
1.6319500207901 0.22613500058651
1.61793005466461 0.242795005440712
1.60501003265381 0.260416001081467
1.59367001056671 0.27904799580574
1.58452999591827 0.298725992441177
1.57834994792938 0.319433003664017
1.5760600566864 0.341048985719681
1.57673001289368 0.3524090051651
1.582239985466 0.37474599480629
1.59378004074097 0.396768003702164
1.61133003234863 0.41770601272583
1.63410997390747 0.436957001686096
1.66098999977112 0.454255014657974
1.69086003303528 0.469628989696503
1.72288000583649 0.483260989189148
1.75641000270844 0.495384007692337
1.79102003574371 0.506219029426575
1.82642996311188 0.515963017940521
1.862419962883 0.524778008460999
1.89885997772217 0.532797992229462
1.93563997745514 0.540135025978088
1.97268998622894 0.546877980232239
2.00995993614197 0.553103983402252
2.04739999771118 0.558874011039734
2.08496999740601 0.564242005348206
2.12265992164612 0.569251000881195
2.16044998168945 0.573939979076385
2.19831991195679 0.578341007232666
2.23624992370605 0.582481980323792
2.27424001693726 0.586386024951935
2.31228995323181 0.590076982975006
2.35036993026733 0.59357100725174
2.38848996162415 0.596885025501251
2.42664003372192 0.60003399848938
2.46481990814209 0.603031992912292
2.50302004814148 0.60588800907135
2.54124999046326 0.608614027500153
2.57948994636536 0.611218988895416
2.61775994300842 0.613710999488831
2.65602993965149 0.616098999977112
2.6943199634552 0.618387997150421
2.73263001441956 0.620585024356842
2.77094006538391 0.622695982456207
2.80925989151001 0.624725997447968
2.84759998321533 0.626680016517639
2.88594007492065 0.628561973571777
2.9242799282074 0.630376994609833
2.94985008239746 0.631551027297974
2.96690011024475 0.632318019866943
2.97827005386353 0.63282299041748
2.98584008216858 0.633157014846802
2.99089002609253 0.633378982543945
2.99426007270813 0.633526027202606
2.99651002883911 0.633623003959656
2.99799990653992 0.633687973022461
3 0.633774995803833
3 0.633774995803833
3.00200009346008 0.633861005306244
3.00348997116089 0.633925974369049
3.00573992729187 0.634023010730743
3.00910997390747 0.634168028831482
3.01415991783142 0.634384989738464
3.0217399597168 0.634707987308502
3.03309988975525 0.63518899679184
3.05015993118286 0.635900974273682
3.07574009895325 0.636949002742767
3.11410999298096 0.638480007648468
3.15248990058899 0.639961004257202
3.19088006019592 0.641394972801208
3.22925996780396 0.642786026000977
3.26765990257263 0.644133985042572
3.30605006217957 0.645442008972168
3.34444999694824 0.646710991859436
3.40205001831055 0.648546993732452
3.45965003967285 0.650304973125458
3.51726007461548 0.65199202299118
3.57487988471985 0.653609991073608
3.63248991966248 0.655165016651154
3.69011998176575 0.65666002035141
3.7477400302887 0.658098995685577
3.80537009239197 0.65948498249054
3.86299991607666 0.660820007324219
3.94945001602173 0.662734985351563
4.0359001159668 0.664551973342896
4.12236022949219 0.666278004646301
4.20882987976074 0.667919993400574
4.29528999328613 0.66948401927948
4.38176012039185 0.670975983142853
4.4682297706604 0.672399997711182
4.55470991134644 0.673761010169983
4.65467977523804 0.675262987613678
4.75466012954712 0.676690995693207
4.85464000701904 0.678052008152008
4.95461988449097 0.679350972175598
5.05459976196289 0.680590987205505
