-0.0328450985252857 8.1758497572082E-07
0.0174074005335569 2.34932997500437E-07
0.0676862001419067 3.63555000149063E-06
0.117992997169495 1.13132000478799E-05
0.168329000473022 2.35898005485069E-05
0.218696996569633 4.0818500565365E-05
0.26909801363945 6.33879026281647E-05
0.319534003734589 9.17266006581485E-05
0.353179007768631 0.000114055997983087
0.386840999126434 0.000139312003739178
0.420522004365921 0.0001676590036368
0.454221993684769 0.000199272006284446
0.487942010164261 0.000234339997405186
0.521682977676392 0.000273067998932675
0.555446028709412 0.000315676006721333
0.58923202753067 0.000362399994628504
0.623041987419128 0.000413497007684782
0.656876981258392 0.000469246995635331
0.69073897600174 0.000529951008502394
0.72462797164917 0.000595937017351389
0.758548021316528 0.000667562999296933
0.792497992515564 0.000745219993405044
0.815149009227753 0.000800552021246403
0.837815999984741 0.000858890009112656
0.860498011112213 0.000920379010494798
0.883195996284485 0.000985175021924078
0.905911982059479 0.00105344003532082
0.928644001483917 0.00112536002416164
0.951394975185394 0.00120110996067524
0.974164009094238 0.00128089997451752
0.996953010559082 0.00136494997423142
1.01976001262665 0.00145347998477519
1.0425900220871 0.00154674996156245
1.06544005870819 0.00164501997642219
1.08832001686096 0.00174858001992106
1.11122000217438 0.00185776001308113
1.13414001464844 0.00197286996990442
1.15708994865417 0.0020942899864167
1.18007004261017 0.00222241994924843
1.20307004451752 0.00235767988488078
1.22610998153687 0.00250054989010096
1.24916994571686 0.00265153008513153
1.27226996421814 0.00281117996200919
1.29540002346039 0.00298012001439929
1.31856000423431 0.00315901008434594
1.34177005290985 0.00334860989823937
1.36501002311707 0.00354970991611481
1.38829004764557 0.00376324006356299
1.41161000728607 0.00399017985910177
1.43497002124786 0.00423166994005442
1.45837998390198 0.00448893010616302
1.4818400144577 0.00476336991414428
1.50533998012543 0.0050565698184073
1.52890002727509 0.00537029001861811
1.55251002311707 0.00570653984323144
1.57617998123169 0.00606760988011956
1.59990000724792 0.00645611993968487
1.6236799955368 0.00687506981194019
1.64751994609833 0.00732795987278223
1.67141997814178 0.00781880971044302
1.69537997245789 0.00835237000137568
1.71940004825592 0.00893418956547976
1.74347996711731 0.0095709003508091
1.76760005950928 0.0102703999727964
1.79176998138428 0.0110422000288963
1.81596004962921 0.0118979001417756
1.84016001224518 0.0128515996038914
1.86433005332947 0.0139210000634193
1.8884299993515 0.0151279997080564
1.9123899936676 0.0165004003793001
1.93611001968384 0.0180731993168592
1.95941996574402 0.0198912005871534
1.98210000991821 0.022010799497366
2.00380992889404 0.0245021004229784
2.02403998374939 0.0274475999176502
2.04214000701904 0.0309356991201639
2.05725002288818 0.0350428000092506
2.06855010986328 0.0398087985813618
2.07541990280151 0.0452178008854389
2.0776801109314 0.05120649933815
2.07659006118774 0.0557897984981537
2.07164001464844 0.0625889003276825
2.06322002410889 0.069779098033905
2.05188989639282 0.0773266032338142
2.03813004493713 0.0852150991559029
2.02236008644104 0.0934396013617516
2.00490999221802 0.102002002298832
1.98605000972748 0.110909998416901
1.96601998806 0.120172001421452
1.94499003887177 0.129798993468285
1.92314004898071 0.139803007245064
1.9005800485611 0.150196000933647
1.87743997573853 0.160989001393318
1.8538099527359 0.172195002436638
1.82978999614716 0.183823004364967
1.80544996261597 0.195885002613068
1.78085005283356 0.2083899974823
1.75606000423431 0.221346005797386
1.73114001750946 0.234760001301765
1.706130027771 0.24864099919796
1.68108999729156 0.262991011142731
1.65604996681213 0.277817010879517
1.63103997707367 0.293119013309479
1.60611999034882 0.308901011943817
1.58131003379822 0.325161993503571
1.55663001537323 0.341901987791061
1.53213000297546 0.359118014574051
1.50782001018524 0.376807987689972
1.48372995853424 0.394968003034592
1.4598799943924 0.413592994213104
1.43629002571106 0.432678014039993
1.41299998760223 0.452215999364853
1.39000999927521 0.472202003002167
1.36734998226166 0.492626994848251
1.34502995014191 0.513486981391907
1.32307994365692 0.534771978855133
1.30151998996735 0.556478023529053
1.28038001060486 0.578597009181976
1.25966000556946 0.601125001907349
1.23942005634308 0.624055027961731
1.21966004371643 0.647383987903595
1.20043003559113 0.67110800743103
1.18176996707916 0.695227026939392
1.16373002529144 0.719739973545074
1.14635002613068 0.744648993015289
1.12971997261047 0.769957005977631
1.11391997337341 0.795668005943298
1.09904003143311 0.821790993213654
1.08522999286652 0.848331987857819
1.07263994216919 0.875299990177155
1.06149995326996 0.902700006961823
1.05207002162933 0.930528998374939
1.04470002651215 0.958768010139465
1.03983998298645 0.987363994121552
1.03807997703552 1.0161999464035
1.03987002372742 1.04348003864288
1.04610002040863 1.0720100402832
1.07414996623993 1.1258499622345
1.12194001674652 1.17107999324799
1.1829799413681 1.20612001419067
1.25104999542236 1.2328200340271
1.32272005081177 1.2535799741745
1.39630997180939 1.27014994621277
1.47098994255066 1.28371000289917
1.5463399887085 1.29504001140594
1.62212002277374 1.30466997623444
1.69817996025085 1.31296002864838
1.77444005012512 1.32019996643066
1.85082995891571 1.3265700340271
1.92733001708984 1.332239985466
2.00391006469727 1.3373099565506
2.08053994178772 1.34187996387482
2.15721988677979 1.34601998329163
2.2339301109314 1.34979999065399
2.31067991256714 1.35325002670288
2.38743996620178 1.35642004013062
2.46422004699707 1.35934996604919
2.54101991653442 1.36205995082855
2.61783003807068 1.36457002162933
2.69464993476868 1.36691999435425
2.77148008346558 1.36909997463226
2.8483099937439 1.37115001678467
2.89953994750977 1.3724399805069
2.93369007110596 1.37327003479004
2.95645999908447 1.37381994724274
2.97164011001587 1.37416994571686
2.98176002502441 1.37441003322601
2.98850989341736 1.37455999851227
2.99300003051758 1.37467002868652
2.99600005149841 1.37474000453949
2.99799990653992 1.37478005886078
3 1.3748300075531
3 1.3748300075531
3.00200009346008 1.3748699426651
3.00399994850159 1.37492001056671
3.00699996948242 1.37498998641968
3.01149010658264 1.37509000301361
3.01823997497559 1.37523996829987
3.02835988998413 1.3754700422287
3.04354000091553 1.37580001354218
3.06630992889404 1.37629997730255
3.10047006607056 1.37703001499176
3.15171003341675 1.37809002399445
3.22856998443604 1.37960994243622
3.30542993545532 1.38104999065399
3.38228988647461 1.38241004943848
3.4591600894928 1.38371002674103
3.53602004051208 1.38494002819061
3.61289000511169 1.38610994815826
3.71286988258362 1.38754999637604
3.81286001205444 1.38891005516052
3.91283988952637 1.39019000530243
4.01282978057861 1.39139997959137
4.1128101348877 1.39254999160767
4.21280002593994 1.393630027771
4.31278991699219 1.39465999603271
4.41277980804443 1.39564001560211
4.51278018951416 1.3965699672699
4.61277008056641 1.39745998382568
4.71275997161865 1.39830005168915
4.8127498626709 1.39910995960236
4.91274976730347 1.39988005161285
5.01274013519287 1.4006199836731
