4.85863018035889 0.848497986793518
4.85863018035889 0.848765015602112
4.85863018035889 0.849032998085022
4.85863018035889 0.849300026893616
4.85863018035889 0.849566996097565
4.85862016677856 0.849834024906158
4.85863018035889 0.849847972393036
4.85863018035889 0.849860012531281
4.85863018035889 0.849873006343842
4.85863018035889 0.849897980690002
4.85863018035889 0.849947988986969
4.85863018035889 0.850022971630096
4.85863018035889 0.850135982036591
4.85863018035889 0.850305020809174
4.85862016677856 0.850558996200562
4.85862016677856 0.850826978683472
4.85862016677856 0.851589024066925
4.85861015319824 0.852351009845734
4.85860013961792 0.853111982345581
4.8585901260376 0.853874981403351
4.85857009887695 0.854637026786804
4.85855007171631 0.855780005455017
4.85851001739502 0.857496023178101
4.85842990875244 0.860072016716003
4.85828018188477 0.863946974277496
4.85812997817993 0.866855978965759
4.85787010192871 0.871224999427795
4.85762977600098 0.874521017074585
4.85722017288208 0.879450023174286
4.85697984695435 0.881916999816895
4.85659980773926 0.885622978210449
4.85618019104004 0.889328002929688
4.85547018051147 0.894891023635864
4.85467004776001 0.900445997714996
4.85378980636597 0.906010985374451
4.85229015350342 0.914361000061035
4.85059022903442 0.922706007957458
4.84965991973877 0.926877021789551
4.84868001937866 0.931070983409882
4.84712982177734 0.937372028827667
4.84457015991211 0.946826994419098
4.84177017211914 0.956278026103973
4.84027004241943 0.960990011692047
4.83870983123779 0.96570897102356
4.83750009536743 0.969245970249176
4.83560991287231 0.974497973918915
4.83464002609253 0.977150022983551
4.83413982391357 0.978474974632263
4.83407020568848 0.978685021400452
4.83388996124268 0.979180991649628
4.83370018005371 0.979677975177765
4.83350992202759 0.980184972286224
4.83332014083862 0.980681002140045
4.83304023742676 0.981424987316132
4.83274984359741 0.982173979282379
4.83245992660522 0.982917010784149
4.83202981948853 0.984031021595001
4.83180999755859 0.984588027000427
4.83148002624512 0.985423028469086
4.83115005493164 0.986257016658783
4.83081007003784 0.98709100484848
4.83048009872437 0.987924993038177
4.82996988296509 0.989175975322723
4.82946014404297 0.990419983863831
4.82868003845215 0.992293000221252
4.82788991928101 0.994165003299713
4.82708978652954 0.996022999286652
4.82629013061523 0.997891008853912
4.82546997070313 0.999756991863251
4.82463979721069 1.00160002708435
4.8238000869751 1.00346004962921
4.82294988632202 1.00531995296478
4.82209014892578 1.00715005397797
4.82121992111206 1.00899994373322
4.82034015655518 1.01084995269775
4.81899976730347 1.01362001895905
4.81763982772827 1.01643002033234
4.81625986099243 1.01924002170563
4.81484985351563 1.02214002609253
4.81268978118896 1.02632999420166
4.81048011779785 1.03050994873047
4.80821990966797 1.03469002246857
4.80591011047363 1.03884994983673
4.80354022979736 1.04299998283386
4.80111980438232 1.04714000225067
4.79863977432251 1.05127000808716
4.79483985900879 1.05745005607605
4.78684997558594 1.06974005699158
4.78684997558594 1.06974995136261
4.77837991714478 1.08192002773285
4.77395009994507 1.08793997764587
4.76941013336182 1.09393000602722
4.76473999023438 1.09990000724792
4.75504016876221 1.11170995235443
4.74476003646851 1.12336003780365
4.73399019241333 1.13501000404358
4.73260021209717 1.13661003112793
4.73191022872925 1.13733005523682
4.7318902015686 1.13733994960785
4.73186016082764 1.13733005523682
4.73184013366699 1.13734996318817
4.73182010650635 1.13736999034882
4.73179006576538 1.13739001750946
4.73177003860474 1.1374100446701
4.73172998428345 1.1374499797821
4.73165988922119 1.13751995563507
4.7315502166748 1.13762998580933
4.73137998580933 1.13779997825623
4.73114013671875 1.1380900144577
4.73100996017456 1.13821995258331
4.7308201789856 1.13840997219086
4.73053979873657 1.13866996765137
4.73012018203735 1.13909995555878
4.72948980331421 1.13973999023438
4.72853994369507 1.14066004753113
4.72709989547729 1.14209997653961
4.7256498336792 1.14353001117706
4.7241997718811 1.14498996734619
4.72274017333984 1.14643001556396
4.72126007080078 1.14787995815277
4.72052001953125 1.14864003658295
4.71977996826172 1.14935994148254
4.71903991699219 1.15006995201111
4.71828985214233 1.15078997612
4.71716976165771 1.15184998512268
4.71604013442993 1.15292000770569
4.71491003036499 1.15398001670837
4.71376991271973 1.15504002571106
4.71261978149414 1.1561199426651
4.71147012710571 1.15718996524811
4.70974016189575 1.15880000591278
4.70800018310547 1.16041994094849
4.70624017715454 1.16198003292084
4.70447015762329 1.1635799407959
4.70269012451172 1.16518998146057
4.70090007781982 1.16676998138428
4.69999980926514 1.16756999492645
4.69910001754761 1.16837000846863
4.69819021224976 1.16910994052887
4.6968297958374 1.17031002044678
4.69545984268188 1.17149996757507
4.69407987594604 1.17268002033234
4.69268989562988 1.17386996746063
4.69059991836548 1.1756500005722
4.68743991851807 1.17825996875763
4.68263006210327 1.18221998214722
4.67527008056641 1.18810999393463
4.66388988494873 1.1968400478363
4.66315984725952 1.19737994670868
4.66288995742798 1.19757997989655
4.66262006759644 1.19770002365112
4.66235017776489 1.19790005683899
4.66220998764038 1.19799995422363
4.66206979751587 1.19799995422363
4.66194009780884 1.19809997081757
4.66179990768433 1.1981999874115
4.66166019439697 1.19830000400543
4.66145992279053 1.19844996929169
4.66125011444092 1.19860994815826
4.66104984283447 1.19877994060516
4.66084003448486 1.19894003868103
4.66063976287842 1.19909000396729
4.66032981872559 1.19932997226715
4.65986013412476 1.19966995716095
4.65939998626709 1.20000994205475
4.6589298248291 1.20038998126984
4.65823984146118 1.20089995861053
4.65753984451294 1.20141005516052
4.6568398475647 1.20181000232697
4.65612983703613 1.20230996608734
4.65542984008789 1.20281994342804
4.65471982955933 1.20324003696442
4.65401983261108 1.20374000072479
4.65330982208252 1.20424997806549
4.65259981155396 1.20480000972748
4.65223979949951 1.20504999160767
4.65188980102539 1.20529997348785
4.65152978897095 1.20546996593475
4.6511697769165 1.20571994781494
4.65080976486206 1.20597004890442
4.6502799987793 1.20641005039215
4.64974021911621 1.20677995681763
4.64893007278442 1.20734000205994
4.6477198600769 1.20826005935669
4.64589023590088 1.20949995517731
4.64312982559204 1.21135997772217
4.63893985748291 1.21422004699707
4.63256978988647 1.21835005283356
4.62280988693237 1.22444999217987
4.60767984390259 1.2336699962616
4.59196996688843 1.24244999885559
4.58388996124268 1.24674999713898
4.57566022872925 1.25137996673584
4.56727981567383 1.25557994842529
4.55441999435425 1.26175999641418
4.54122018814087 1.2679500579834
4.52767992019653 1.27384996414185
4.51379013061523 1.27960002422333
4.51202011108398 1.28022003173828
4.51025009155273 1.28093004226685
4.50936985015869 1.28128004074097
4.50848007202148 1.28164994716644
4.50759983062744 1.28199994564056
4.50671005249023 1.28234994411469
4.50537014007568 1.28286004066467
4.5033597946167 1.28365004062653
4.50032997131348 1.28481996059418
4.49729013442993 1.28592002391815
4.49269008636475 1.28764998912811
4.48573017120361 1.29022002220154
4.4822301864624 1.29130005836487
4.48133993148804 1.29162001609802
4.48002004623413 1.29209005832672
4.47870016098022 1.29251003265381
4.47736978530884 1.29297995567322
4.47537994384766 1.29367995262146
4.47337007522583 1.29427003860474
4.47299003601074 1.29439997673035
4.47280979156494 1.29446005821228
4.47267007827759 1.29443001747131
4.47245979309082 1.29449999332428
4.47213983535767 1.29461002349854
4.47166013717651 1.29495000839233
4.47094011306763 1.29519999027252
4.46987009048462 1.29557001590729
4.46824979782104 1.29595994949341
4.46581983566284 1.29677999019623
4.46216011047363 1.29800999164581
4.45662021636963 1.29972994327545
4.44823980331421 1.30242002010345
4.43548011779785 1.3063600063324
4.41592979431152 1.31092000007629
4.39589977264404 1.31628000736237
4.37541007995605 1.3213700056076
4.35447978973389 1.3257600069046
4.33311986923218 1.33043003082275
4.31135988235474 1.33486998081207
4.28920984268188 1.33890998363495
4.26670980453491 1.34255003929138
4.24386978149414 1.34615004062653
4.22071981430054 1.34996998310089
4.19727993011475 1.35322999954224
4.17358016967773 1.35626995563507
4.14965009689331 1.35859000682831
4.12550020217896 1.36119997501373
4.1011700630188 1.36359000205994
4.07667016983032 1.36538994312286
4.05202007293701 1.3673700094223
4.02725982666016 1.36915004253387
4.00239992141724 1.37051999568939
3.97745990753174 1.37188994884491
3.95246005058289 1.37304997444153
3.92741990089417 1.37397003173828
3.90235996246338 1.37471997737885
3.87729001045227 1.37525999546051
3.85223007202148 1.3756799697876
3.82719993591309 1.37574994564056
3.80222010612488 1.37557995319366
3.77729988098145 1.37518000602722
3.75244998931885 1.37467002868652
3.72768998146057 1.37392997741699
3.70303988456726 1.37295997142792
3.6784999370575 1.37196004390717
3.65409994125366 1.37071001529694
3.62983989715576 1.36925005912781
3.60575008392334 1.36765003204346
3.58183002471924 1.36576998233795
3.558109998703 1.3638299703598
3.53457999229431 1.36161994934082
3.51128005981445 1.35908997058868
3.48820996284485 1.35662996768951
3.46539998054504 1.35368001461029
3.44285011291504 1.3503600358963
3.42057991027832 1.34747004508972
3.39861989021301 1.34372997283936
3.37697005271912 1.33958005905151
3.35565996170044 1.3358199596405
3.33470010757446 1.33100998401642
3.314120054245 1.32570004463196
3.29394006729126 1.32114005088806
3.27417993545532 1.31631994247437
3.25484991073608 1.31174004077911
3.23599004745483 1.30640995502472
3.21762990951538 1.30087995529175
3.19976997375488 1.29474997520447
3.18246006965637 1.2880699634552
3.16571998596191 1.28082001209259
3.14956998825073 1.2728099822998
3.13404989242554 1.26482999324799
3.11918997764587 1.25557005405426
3.10501003265381 1.24779999256134
3.09154009819031 1.2389600276947
3.07880997657776 1.22955000400543
3.06684994697571 1.21913003921509
3.05569005012512 1.20773005485535
3.04533004760742 1.19553995132446
3.03579998016357 1.18438994884491
3.02711009979248 1.17200994491577
3.0192699432373 1.15831005573273
3.01225996017456 1.14321994781494
3.00606989860535 1.12669003009796
3.0006799697876 1.11134004592896
2.99604988098145 1.09656000137329
2.99213004112244 1.0804500579834
2.98885989189148 1.0620299577713
2.98617005348206 1.04230999946594
2.98399996757507 1.0254100561142
2.98227000236511 1.00568997859955
2.98091006278992 0.98506498336792
2.97986006736755 0.965301990509033
2.97905993461609 0.94412899017334
2.97846007347107 0.924377977848053
2.97802996635437 0.904861986637115
2.97772002220154 0.884459972381592
2.97750997543335 0.864203989505768
2.97739005088806 0.844740986824036
2.97734999656677 0.825369000434875
2.97733998298645 0.820638000965118
2.97744989395142 0.7848219871521
2.9777500629425 0.750249981880188
2.97822999954224 0.71800297498703
2.97886991500854 0.68767899274826
2.97969007492065 0.659820020198822
2.98071002960205 0.633726000785828
2.98194003105164 0.609097003936768
2.98342990875244 0.585572004318237
2.98521995544434 0.563229978084564
2.98736000061035 0.541831970214844
2.98990988731384 0.520815014839172
2.99293994903564 0.500460028648376
2.99649000167847 0.480174005031586
3.00059008598328 0.459814995527267
3.00514006614685 0.439545005559921
3.00984001159668 0.418915987014771
3.01410007476807 0.398178994655609
3.01694011688232 0.37771800160408
3.01757001876831 0.364362001419067
3.01559996604919 0.389034003019333
3.01055002212524 0.415702998638153
3.00454998016357 0.442027002573013
2.99890995025635 0.46788701415062
2.99408006668091 0.49346798658371
2.99011993408203 0.519311010837555
2.98692989349365 0.545835018157959
2.98436999320984 0.573323011398315
2.98234009742737 0.602187991142273
2.9807300567627 0.632948994636536
2.97947001457214 0.666568994522095
2.97851991653442 0.703014016151428
2.97783994674683 0.742766976356506
2.97744011878967 0.786228001117706
2.97733998298645 0.820408999919891
2.97756004333496 0.869540989398956
2.97836995124817 0.921443998813629
2.98021006584167 0.972954988479614
2.9838399887085 1.02305996417999
2.99032998085022 1.07105994224548
3.00088000297546 1.11361002922058
3.01640009880066 1.15302002429962
3.03730010986328 1.18528997898102
3.06359004974365 1.21493995189667
3.09499001502991 1.24146997928619
3.13107991218567 1.2637300491333
3.17138004302979 1.28196001052856
3.21542000770569 1.29964005947113
3.26276993751526 1.31490004062653
3.3130099773407 1.32642996311188
3.36578011512756 1.33701002597809
3.42075991630554 1.34742999076843
3.47764992713928 1.35537004470825
3.53618001937866 1.36120998859406
3.59611010551453 1.36522996425629
3.6571900844574 1.36934995651245
3.71918988227844 1.37314999103546
3.78188991546631 1.37525999546051
3.84505009651184 1.37540996074677
3.90841007232666 1.37510001659393
3.97171998023987 1.37329995632172
4.03467988967896 1.37011003494263
4.09696006774902 1.36576998233795
4.15820980072021 1.35989999771118
4.21806001663208 1.35260999202728
4.27610015869141 1.34369003772736
4.33194017410278 1.33310997486115
4.38521003723145 1.32078003883362
4.43558979034424 1.3068699836731
4.48284006118774 1.2912700176239
4.52683019638062 1.2737900018692
4.56753015518188 1.25504004955292
4.60497999191284 1.23486995697021
4.63929986953735 1.21425998210907
4.67062997817993 1.19199001789093
4.69913005828857 1.16868996620178
4.7249698638916 1.14455997943878
4.74828004837036 1.11959004402161
4.76918983459473 1.09402000904083
4.78779983520508 1.06824994087219
4.80417013168335 1.04167997837067
4.81835985183716 1.01506996154785
4.83039999008179 0.988013029098511
4.84031009674072 0.960910022258759
4.84808015823364 0.933638989925385
4.85373020172119 0.906374990940094
4.85724020004272 0.879194021224976
4.85861015319824 0.852232992649078
4.85863018035889 0.848501980304718
4.85756015777588 0.875347018241882
4.85756015777588 0.875347018241882
