-0.0169552005827427 0.049779899418354
7.77970999479294E-05 0.0507512018084526
0.0171096008270979 0.0517252013087273
0.0341399982571602 0.0527019016444683
0.0511691011488438 0.0536813996732235
0.0681968033313751 0.0546635985374451
0.085223101079464 0.0556485988199711
0.102247998118401 0.0566364005208015
0.119271002709866 0.0576269999146461
0.136292994022369 0.058620598167181
0.153312996029854 0.0596170015633106
0.170331999659538 0.0606162995100021
0.187349006533623 0.0616187006235123
0.204364001750946 0.0626240000128746
0.221377000212669 0.0636323019862175
0.238389000296593 0.0646437034010887
0.255398988723755 0.0656581968069077
0.272406995296478 0.0666757971048355
0.289413005113602 0.06769660115242
0.306416988372803 0.0687206014990807
0.323417991399765 0.0697479024529457
0.340418010950089 0.0707783997058868
0.35741600394249 0.0718121975660324
0.37441098690033 0.0728494003415108
0.391404002904892 0.0738900005817413
0.408394992351532 0.0749339982867241
0.425383001565933 0.0759814009070396
0.442369014024734 0.0770324021577835
0.459351986646652 0.0780870020389557
0.476332992315292 0.0791452005505562
0.493310987949371 0.080206997692585
0.510285973548889 0.0812724977731705
0.527258992195129 0.0823417976498604
0.544228971004486 0.083414800465107
0.561195015907288 0.0844916999340057
0.578158974647522 0.0855725035071373
0.595120012760162 0.0866573005914688
0.612076997756958 0.0877460017800331
0.629031002521515 0.0888388007879257
0.645982027053833 0.0899356976151466
0.662928998470306 0.0910367965698242
0.679872989654541 0.0921420007944107
0.696812987327576 0.0932516008615494
0.71374899148941 0.0943654999136925
0.730682015419006 0.0954838022589684
0.747609972953796 0.0966065973043442
0.764535009860992 0.0977338999509811
0.781454980373383 0.0988657996058464
0.798371016979218 0.100001998245716
0.815283000469208 0.101144000887871
0.832189977169037 0.102289997041225
0.849093019962311 0.103440999984741
0.865990996360779 0.104597002267838
0.88288402557373 0.105757996439934
0.899771988391876 0.106923997402191
0.916655004024506 0.108094997704029
0.933531999588013 0.109270997345448
0.950403988361359 0.110453002154827
0.967270970344543 0.111640997231007
0.978511989116669 0.11243499815464
0.986005008220673 0.112966001033783
0.990998983383179 0.113320998847485
0.994328022003174 0.113558001816273
0.996547996997833 0.113715998828411
0.99802702665329 0.113820999860764
1 0.11396200209856
1 0.11396200209856
1.00197005271912 0.114101998507977
1.00345003604889 0.114207997918129
1.0056699514389 0.114366002380848
1.00899994373322 0.114603996276855
1.01399004459381 0.114960998296738
1.02147996425629 0.115497000515461
1.03270995616913 0.116304002702236
1.0495400428772 0.117519997060299
1.06637001037598 0.118740998208523
1.08319997787476 0.119967997074127
1.10001003742218 0.121201999485493
1.11681997776031 0.122441999614239
1.13362002372742 0.123687997460365
1.15041995048523 0.124940998852253
1.16719996929169 0.126200005412102
1.18397998809814 0.127467006444931
1.20074999332428 0.12873999774456
1.21750998497009 0.130019992589951
1.23425996303558 0.131308004260063
1.25100004673004 0.132603004574776
1.26774001121521 0.133904993534088
1.28445994853973 0.135214999318123
1.30116999149323 0.136533007025719
1.31788003444672 0.137858003377914
1.33457005023956 0.139192000031471
1.35125005245209 0.140533998608589
1.36792004108429 0.141883999109268
1.38457000255585 0.143242999911308
1.4012199640274 0.144611001014709
1.41785001754761 0.145987004041672
1.43447005748749 0.147373005747795
1.45106995105743 0.148767992854118
1.46765995025635 0.150172993540764
1.48424005508423 0.15158699452877
1.50080001354218 0.153011992573738
1.51733994483948 0.154446005821228
1.53386998176575 0.155891001224518
1.55037999153137 0.157346993684769
1.56686997413635 0.158813998103142
1.58334004878998 0.160291999578476
1.59979999065399 0.161780998110771
1.61623001098633 0.163282006978989
1.63265001773834 0.164794996380806
1.64903998374939 0.166320994496346
1.66541004180908 0.167859002947807
1.68175005912781 0.16941000521183
1.69807994365692 0.170974999666214
1.71437001228333 0.17255300283432
1.73064005374908 0.174144998192787
1.74688005447388 0.175751999020576
1.76310002803802 0.177373006939888
1.77927994728088 0.179010003805161
1.79542994499207 0.180662006139755
1.81154000759125 0.182330995798111
1.82763004302979 0.18401500582695
1.84367001056671 0.18571700155735
1.85968005657196 0.187436997890472
1.8756400346756 0.189173996448517
1.89156997203827 0.190929993987083
1.90744996070862 0.192705005407333
1.92328000068665 0.194499999284744
1.93905997276306 0.196315005421638
1.95478999614716 0.198151007294655
1.97046995162964 0.200009003281593
1.98608994483948 0.201888993382454
2.00165009498596 0.203793004155159
2.01713991165161 0.205718994140625
2.03256011009216 0.207671001553535
2.04790997505188 0.209647998213768
2.06318998336792 0.211650997400284
2.07838010787964 0.213681995868683
2.09348011016846 0.215739995241165
2.10848999023438 0.217827007174492
2.12340998649597 0.219944998621941
2.1382200717926 0.222093999385834
2.15290999412537 0.22427399456501
2.16749000549316 0.226487994194031
2.18194007873535 0.228735998272896
2.19624996185303 0.231020003557205
2.21041989326477 0.233339995145798
2.22443008422852 0.235698997974396
2.23827004432678 0.238095998764038
2.25192999839783 0.240533992648125
2.26538991928101 0.243013992905617
2.27864003181458 0.245535999536514
2.29167008399963 0.248101994395256
2.30446004867554 0.250712990760803
2.31698989868164 0.253369987010956
2.32923007011414 0.256074011325836
2.34117007255554 0.258825987577438
2.35279011726379 0.261626005172729
2.36405992507935 0.264474987983704
2.37494993209839 0.267372995615005
2.38544011116028 0.270319014787674
2.39549994468689 0.273312985897064
2.40510010719299 0.276354014873505
2.41422009468079 0.279439985752106
2.42281007766724 0.282568991184235
2.43086004257202 0.285739004611969
2.43833994865417 0.288946986198425
2.44520998001099 0.292187988758087
2.45146989822388 0.295459002256393
2.45707988739014 0.298756003379822
2.46203994750977 0.302071988582611
2.4663200378418 0.305402010679245
2.46992993354797 0.308741986751556
2.47286009788513 0.31208598613739
2.47512006759644 0.315427988767624
2.47670006752014 0.318762987852097
2.47762989997864 0.322086989879608
2.4779200553894 0.325230985879898
2.47761011123657 0.328519999980927
2.47669005393982 0.33178499341011
2.47519993782043 0.335023999214172
2.47315001487732 0.338234007358551
2.47057008743286 0.341412991285324
2.46747994422913 0.344559997320175
2.46391010284424 0.347672998905182
2.45988988876343 0.350751996040344
2.4554500579834 0.353796005249023
2.45058989524841 0.356804996728897
2.44535994529724 0.359780013561249
2.4397599697113 0.362718999385834
2.43383002281189 0.365624010562897
2.42758011817932 0.368496000766754
2.42102003097534 0.371334999799728
2.41419005393982 0.374141007661819
2.40708994865417 0.376915991306305
2.39973998069763 0.37966001033783
2.39215993881226 0.382375001907349
2.38435006141663 0.385060012340546
2.37632989883423 0.387717992067337
2.36811995506287 0.390347987413406
2.35971999168396 0.392953008413315
2.35114002227783 0.395532011985779
2.34240007400513 0.39808601140976
2.33349990844727 0.400617003440857
2.32445001602173 0.403124988079071
2.31525993347168 0.405611991882324
2.30593991279602 0.408077001571655
2.29648995399475 0.410521000623703
2.28692007064819 0.412946999073029
2.27724003791809 0.415353000164032
2.26745009422302 0.417739987373352
2.25756001472473 0.420111000537872
2.2475700378418 0.42246401309967
2.23748993873596 0.424800992012024
2.22731995582581 0.427121996879578
2.21707010269165 0.429428994655609
2.20673990249634 0.431719988584518
2.19634008407593 0.433997988700867
2.18585991859436 0.436262011528015
2.17531991004944 0.43851301074028
2.16471004486084 0.440751999616623
2.15404009819031 0.442979007959366
2.14332008361816 0.445194005966187
2.13252997398376 0.447398006916046
2.12170004844666 0.449591994285583
2.11081004142761 0.451775014400482
2.09987998008728 0.453949004411697
2.08890008926392 0.456113010644913
2.07787990570068 0.458267986774445
2.06681990623474 0.460413992404938
2.05572009086609 0.462552011013031
2.04457998275757 0.464680999517441
2.03341007232666 0.466803997755051
2.02220010757446 0.468919008970261
2.0109601020813 0.471026003360748
1.9996999502182 0.473127990961075
1.98275005817413 0.476267009973526
1.96573996543884 0.479393988847733
1.94868004322052 0.482506990432739
1.93157005310059 0.485610008239746
1.91442000865936 0.488700985908508
1.89724004268646 0.491782993078232
1.88002002239227 0.494854986667633
1.85413002967834 0.499449014663696
1.82819998264313 0.504025995731354
1.80221998691559 0.50858998298645
1.76320004463196 0.515415012836456
1.7046400308609 0.525622010231018
1.63703000545502 0.537404000759125
1.56970000267029 0.549198985099792
1.50281000137329 0.561040997505188
1.43655002117157 0.572961986064911
1.37110996246338 0.58499401807785
1.30667996406555 0.597168028354645
1.24346005916595 0.609515011310577
1.1816999912262 0.622069001197815
1.12164998054504 0.634860992431641
1.06359994411469 0.64792799949646
1.00789999961853 0.661301970481873
0.95491498708725 0.675019979476929
0.905098021030426 0.689114987850189
0.858955025672913 0.703621983528137
0.81706702709198 0.718568027019501
0.780088007450104 0.733974993228912
0.748741984367371 0.749853014945984
0.723797023296356 0.766194999217987
0.706030011177063 0.782970011234283
0.696161985397339 0.800118982791901
0.694267988204956 0.811601996421814
0.698698997497559 0.829165995121002
0.712068974971771 0.846816003322601
0.734260022640228 0.864417016506195
0.76487398147583 0.881842970848083
0.803291976451874 0.898985028266907
0.848757028579712 0.915759980678558
0.900466024875641 0.932115018367767
0.957629024982452 0.948019027709961
1.01951003074646 0.963461995124817
1.08546996116638 0.97844797372818
1.1549299955368 0.992990970611572
1.22741997241974 1.00710999965668
1.30250000953674 1.02083003520966
1.37985002994537 1.03417003154755
1.45915997028351 1.04715001583099
1.52257001399994 1.05710005760193
1.60479998588562 1.06950998306274
1.68839001655579 1.08162999153137
1.77320003509521 1.09346997737885
1.85907995700836 1.10505998134613
1.94593000411987 1.11641001701355
2.03362989425659 1.12752997875214
2.12210988998413 1.13845002651215
2.21129989624023 1.14916002750397
2.3011200428009 1.15969002246857
2.39151000976563 1.17005002498627
2.48243999481201 1.18024003505707
2.57384991645813 1.190269947052
2.66569995880127 1.20016002655029
2.75796008110046 1.20991003513336
2.85058999061584 1.21952998638153
2.94357991218567 1.22901999950409
3.03689002990723 1.23838996887207
3.13050007820129 1.24764001369476
3.2243800163269 1.25679004192352
3.31853008270264 1.26584005355835
3.41291999816895 1.27478003501892
3.50753998756409 1.2836400270462
3.60237002372742 1.29240000247955
3.69741010665894 1.30106997489929
3.7926299571991 1.30966997146606
3.88803005218506 1.31817996501923
3.98359990119934 1.3266099691391
4.07931995391846 1.33498001098633
4.17519998550415 1.34326994419098
4.27121019363403 1.35149002075195
4.36736011505127 1.35965001583099
4.4636402130127 1.36775004863739
4.56003999710083 1.37577998638153
4.65654993057251 1.38375997543335
4.75317001342773 1.39168000221252
4.84989976882935 1.39953994750977
4.94672012329102 1.40734994411469
5.04364013671875 1.41510999202728
