-0.00464408984407783 -0.00045998499263078
0.00740753998979926 0.000742522010114044
0.0194576997309923 0.00197426998056471
0.0315062999725342 0.00323654990643263
0.0435530990362167 0.00453073997050524
0.0555981993675232 0.00585831981152296
0.0676413029432297 0.00722086010500789
0.0796822980046272 0.0086200600489974
0.0917209982872009 0.0100576998665929
0.0997454971075058 0.0110384998843074
0.107768997550011 0.012037799693644
0.115791000425816 0.013056400232017
0.12381199747324 0.0140947997570038
0.131831005215645 0.015153800137341
0.139849007129669 0.0162342004477978
0.147865995764732 0.0173368006944656
0.155881002545357 0.0184623003005981
0.16389399766922 0.0196116995066404
0.171905994415283 0.0207858998328447
0.179914996027946 0.021985899657011
0.18792299926281 0.0232126992195845
0.195928007364273 0.0244674999266863
0.203931003808975 0.0257514994591475
0.211932003498077 0.0270658992230892
0.219929993152618 0.0284119993448257
0.227925002574921 0.0297912005335093
0.233253002166748 0.0307298991829157
0.238580003380775 0.0316844992339611
0.243906006217003 0.0326556004583836
0.249229997396469 0.0336434990167618
0.254552006721497 0.0346488989889622
0.259873002767563 0.0356724001467228
0.265192002058029 0.0367145016789436
0.270509004592896 0.0377759002149105
0.275824010372162 0.0388572998344898
0.281136006116867 0.0399593003094196
0.286446988582611 0.0410827994346619
0.291754990816116 0.0422284007072449
0.297060996294022 0.0433970987796783
0.302363991737366 0.044589601457119
0.307664006948471 0.0458068996667862
0.312961012125015 0.0470499992370605
0.318255007266998 0.0483198016881943
0.32354599237442 0.0496174991130829
0.328833013772964 0.0509442985057831
0.334116995334625 0.0523012988269329
0.339395999908447 0.0536899007856846
0.344671010971069 0.055111400783062
0.349940985441208 0.0565673001110554
0.35520601272583 0.0580592006444931
0.360466003417969 0.0595888011157513
0.365720003843307 0.061157900840044
0.370967000722885 0.0627683028578758
0.376208990812302 0.0644223019480705
0.381442010402679 0.0661220028996468
0.386667996644974 0.0678697004914284
0.391885995864868 0.0696682035923004
0.397094011306763 0.0715200006961823
0.402292013168335 0.0734283998608589
0.407478004693985 0.0753965005278587
0.412652999162674 0.0774277970194817
0.417814999818802 0.0795260965824127
0.422960996627808 0.0816958025097847
0.428092002868652 0.0839411988854408
0.433205008506775 0.0862672999501228
0.438297986984253 0.0886795967817307
0.443369001150131 0.0911839976906776
0.448415011167526 0.0937869995832443
0.453433990478516 0.0964955985546112
0.458422005176544 0.0993177965283394
0.463373988866806 0.102261997759342
0.468286991119385 0.105337999761105
0.473154991865158 0.108554996550083
0.477970987558365 0.11192599684
0.482728004455566 0.115461997687817
0.487417995929718 0.119176998734474
0.492029011249542 0.123084001243114
0.496551007032394 0.12720000743866
0.500967025756836 0.13153900206089
0.505262017250061 0.136117994785309
0.509416997432709 0.140952005982399
0.513409018516541 0.146055996417999
0.517215013504028 0.151440992951393
0.520807027816772 0.157113999128342
0.524158000946045 0.163076996803284
0.527240991592407 0.169324994087219
0.530031025409698 0.175843998789787
0.532507002353668 0.182613000273705
0.534657001495361 0.189601004123688
0.536475002765656 0.196774005889893
0.537962973117828 0.204095005989075
0.53913402557373 0.21152800321579
0.540003001689911 0.219038993120193
0.540593028068542 0.226598992943764
0.540929019451141 0.234183996915817
0.541034996509552 0.241776004433632
0.540970981121063 0.247925996780396
0.540723979473114 0.255499005317688
0.540315985679626 0.263049989938736
0.539766013622284 0.270576000213623
0.539093017578125 0.278073996305466
0.538313984870911 0.285542011260986
0.537446022033691 0.292982995510101
0.536499977111816 0.300395995378494
0.535490989685059 0.307783991098404
0.534428000450134 0.315147012472153
0.533322989940643 0.322490006685257
0.532182991504669 0.329811990261078
0.531018018722534 0.337117999792099
0.529833972454071 0.344408988952637
0.528639018535614 0.351686000823975
0.527438998222351 0.35895299911499
0.526239991188049 0.366210997104645
0.525045990943909 0.373461991548538
0.523863971233368 0.380708009004593
0.522697985172272 0.387950003147125
0.521552979946136 0.395188987255096
0.520431995391846 0.402426987886429
0.519339025020599 0.409666001796722
0.518279016017914 0.416905999183655
0.517255008220673 0.424147993326187
0.516270995140076 0.431392997503281
0.515329003334045 0.438641995191574
0.514433979988098 0.445895999670029
0.513588011264801 0.453153997659683
0.512794017791748 0.460417985916138
0.512054979801178 0.467687994241714
0.51137501001358 0.474963992834091
0.510755002498627 0.48224601149559
0.510199010372162 0.489533990621567
0.509709000587463 0.496829003095627
0.509286999702454 0.504128992557526
0.508938014507294 0.511434972286224
0.508660972118378 0.518746018409729
0.508460998535156 0.526063024997711
0.508340001106262 0.533383011817932
0.508297979831696 0.540708005428314
0.508298993110657 0.541441977024078
0.508349001407623 0.548768997192383
0.50848400592804 0.556098997592926
0.508706986904144 0.563431024551392
0.509018003940582 0.570761978626251
0.509420990943909 0.578092992305756
0.509916007518768 0.585422992706299
0.510505020618439 0.592748999595642
0.511191010475159 0.600071012973785
0.511973977088928 0.607388019561768
0.512856006622314 0.614696979522705
0.513836979866028 0.621999025344849
0.514919996261597 0.629289984703064
0.516106009483337 0.636569976806641
0.517394006252289 0.643837988376617
0.518787026405334 0.651090979576111
0.520283997058868 0.658326983451843
0.521885991096497 0.665546000003815
0.52359402179718 0.672746002674103
0.525408029556274 0.67992502450943
0.52732902765274 0.687080025672913
0.529354989528656 0.694212019443512
0.531486988067627 0.701317012310028
0.533725023269653 0.7083939909935
0.536068975925446 0.715443015098572
0.538516998291016 0.722459971904755
0.541069984436035 0.729444980621338
0.543726027011871 0.736396014690399
0.546486020088196 0.743310987949371
0.54934698343277 0.750190019607544
0.552308976650238 0.75703102350235
0.555370986461639 0.763831973075867
0.558530986309052 0.770591974258423
0.561788976192474 0.777311027050018
0.565141975879669 0.783986985683441
0.568589985370636 0.790619015693665
0.572130978107452 0.797205984592438
0.575762987136841 0.80374801158905
0.579486012458801 0.810243010520935
0.583296000957489 0.816690027713776
0.587191998958588 0.823090016841888
0.591174006462097 0.829442024230957
0.595237970352173 0.835744976997375
0.599384009838104 0.841997981071472
0.603609025478363 0.848201990127563
0.607910990715027 0.854354977607727
0.612290024757385 0.86045902967453
0.61674302816391 0.86651200056076
0.621267974376678 0.872514009475708
0.625864028930664 0.878466010093689
0.63052898645401 0.884366989135742
0.635260999202728 0.890218019485474
0.640057981014252 0.896018028259277
0.644918978214264 0.901768028736115
0.649842977523804 0.907467007637024
0.654825985431671 0.913116991519928
0.659869015216827 0.918716013431549
0.664969027042389 0.924266993999481
0.670125007629395 0.929768025875092
0.675334990024567 0.935220003128052
0.680598020553589 0.940623998641968
0.685912013053894 0.94598001241684
0.691276013851166 0.951287984848022
0.696687996387482 0.956548988819122
0.702148020267487 0.961763024330139
0.707652986049652 0.966929972171783
0.713204026222229 0.972051978111267
0.718797028064728 0.977128982543945
0.72443300485611 0.982159972190857
0.730109989643097 0.987146973609924
0.735826015472412 0.992089986801147
0.741581976413727 0.996990025043488
0.747375011444092 1.00185000896454
0.753205001354218 1.00665998458862
0.759069979190826 1.01143002510071
0.764970004558563 1.01617002487183
0.770904004573822 1.02085995674133
0.776870012283325 1.02550995349884
0.782868027687073 1.03012001514435
0.788896977901459 1.03469002246857
0.794956982135773 1.0392199754715
0.801046013832092 1.04372000694275
0.807163000106812 1.04816997051239
0.813308000564575 1.05259001255035
0.819480001926422 1.05698001384735
0.825679004192352 1.06132996082306
0.831902980804443 1.06563997268677
0.83815199136734 1.06991004943848
0.844425022602081 1.07415997982025
0.850722014904022 1.0783599615097
0.857042014598846 1.0825400352478
0.863385021686554 1.08668005466461
0.869749009609222 1.09079003334045
0.876134991645813 1.09485995769501
0.882541000843048 1.09890997409821
0.888967990875244 1.1029200553894
0.895413994789124 1.10689997673035
0.901880025863647 1.11084997653961
0.90836501121521 1.1147700548172
0.914867997169495 1.11866998672485
0.92138797044754 1.12252998352051
0.927926003932953 1.12636005878448
0.934481024742126 1.13016998767853
0.941052973270416 1.13394999504089
0.947641015052795 1.13769996166229
0.95424497127533 1.14142000675201
0.960864007472992 1.14511001110077
0.967498004436493 1.14877998828888
0.974147021770477 1.15243005752563
0.9808109998703 1.15603995323181
0.987487971782684 1.15963995456696
0.991946995258331 1.16201996803284
0.994922995567322 1.16359996795654
0.996909022331238 1.16464996337891
0.998233020305634 1.16534996032715
1 1.16628003120422
1 1.16628003120422
1.00177001953125 1.16720998287201
1.00309002399445 1.16790997982025
1.00507998466492 1.16894996166229
1.00806999206543 1.17051005363464
1.01256000995636 1.17283999919891
1.01929998397827 1.17630994319916
1.02604997158051 1.17976999282837
1.03280997276306 1.18320000171661
1.03959000110626 1.18659996986389
1.04638004302979 1.18999004364014
1.05317997932434 1.19334995746613
1.05999004840851 1.19668996334076
1.06681001186371 1.20000994205475
1.07363998889923 1.20331001281738
1.08047997951508 1.20658004283905
1.08732998371124 1.2098400592804
1.09419000148773 1.21307003498077
1.10106003284454 1.21628999710083
1.10794997215271 1.21948003768921
1.11484003067017 1.22265005111694
1.12173998355865 1.22581005096436
1.12864005565643 1.2289400100708
1.13556003570557 1.23205995559692
1.14249002933502 1.23515999317169
1.14942002296448 1.23824000358582
1.15636003017426 1.24129998683929
1.16331005096436 1.24433994293213
1.17026996612549 1.24737000465393
1.17724001407623 1.25037002563477
1.18420994281769 1.25336003303528
1.19119000434875 1.25633001327515
1.19817996025085 1.25928997993469
1.20868003368378 1.26368999481201
1.21919000148773 1.26804995536804
1.22971999645233 1.2723799943924
1.24026000499725 1.27666997909546
1.25082004070282 1.28093004226685
1.26138997077942 1.28515005111694
1.27198004722595 1.28934001922607
1.28258001804352 1.29349005222321
1.29319000244141 1.29761004447937
1.30381000041962 1.30169999599457
1.31445002555847 1.30576002597809
1.32509994506836 1.30979001522064
1.33575999736786 1.31377995014191
1.34642994403839 1.31773996353149
1.35712003707886 1.32167994976044
1.36781001091003 1.32558000087738
1.37852001190186 1.32946002483368
1.38923001289368 1.33331000804901
1.39996004104614 1.33712995052338
1.41068994998932 1.34091997146606
1.42144000530243 1.34468996524811
1.43218994140625 1.34842002391815
1.44296002388 1.35213994979858
1.45372998714447 1.35581994056702
1.46450996398926 1.35948002338409
1.47529995441437 1.36311995983124
1.4860999584198 1.3667299747467
1.49690997600555 1.37031996250153
1.50771999359131 1.37388002872467
1.51855003833771 1.37741994857788
1.52937996387482 1.38092994689941
1.54022002220154 1.38443005084991
1.55648994445801 1.3896199464798
1.57276999950409 1.39477002620697
1.58907997608185 1.39987003803253
1.60538995265961 1.40490996837616
1.62172996997833 1.40991997718811
1.63806998729706 1.41487002372742
1.65443003177643 1.41978001594543
1.67080998420715 1.42464995384216
1.68719005584717 1.42947995662689
1.70359003543854 1.4342600107193
1.72000002861023 1.43900001049042
1.73643004894257 1.44368994235992
1.75285995006561 1.44834995269775
1.76930999755859 1.45297002792358
1.7857700586319 1.45755004882813
1.80223000049591 1.4621000289917
1.81870996952057 1.46659994125366
1.83519995212555 1.47107005119324
1.85169994831085 1.47549998760223
1.86820995807648 1.47990000247955
1.8847199678421 1.48425996303558
1.90125000476837 1.48859000205994
1.91778004169464 1.49289000034332
1.93432998657227 1.49714994430542
1.95088005065918 1.50137996673584
1.96744000911713 1.50557994842529
1.98399996757507 1.50973999500275
2.00058007240295 1.51388001441956
2.02546000480652 1.52003002166748
2.05034995079041 1.52611005306244
2.07525992393494 1.53211998939514
2.10018992424011 1.53807997703552
2.12512993812561 1.54396998882294
2.15007996559143 1.54980003833771
2.1750500202179 1.55557000637054
2.20003008842468 1.56128001213074
2.22501993179321 1.56693994998932
2.25003004074097 1.57254004478455
2.27504992485046 1.57808995246887
2.30008006095886 1.58358001708984
2.325119972229 1.5890200138092
2.35017991065979 1.59440994262695
2.37524008750916 1.59976005554199
2.40032005310059 1.60504996776581
2.42540001869202 1.61029005050659
2.45050001144409 1.6154899597168
2.47560000419617 1.62064003944397
2.50071001052856 1.62574994564056
2.52583003044128 1.63082003593445
2.55097007751465 1.63584005832672
2.57610011100769 1.64081001281738
2.6012499332428 1.64575004577637
2.63898992538452 1.65307998657227
2.67673993110657 1.66032004356384
2.71450996398926 1.66746997833252
2.75230002403259 1.67453002929688
2.79010009765625 1.68151998519897
2.81838011741638 1.6866899728775
2.85620999336243 1.69352996349335
2.91298007965088 1.7036600112915
2.9697699546814 1.71361005306244
3.0265998840332 1.72341001033783
3.08345007896423 1.73304998874664
3.14033007621765 1.7425400018692
3.19723010063171 1.75188994407654
3.25414991378784 1.76110005378723
3.31110000610352 1.77016997337341
3.36806011199951 1.77910995483398
3.4250500202179 1.78793001174927
3.4820499420166 1.79662001132965
3.53907990455627 1.80518996715546
3.59612011909485 1.8136500120163
3.65317010879517 1.82200002670288
3.71024990081787 1.83024001121521
3.76732993125916 1.83836996555328
3.82444000244141 1.84640002250671
3.88155007362366 1.85433995723724
3.93867993354797 1.86216998100281
3.99582004547119 1.86991000175476
4.05297994613647 1.8775600194931
