-0.0215278994292021 0.488739997148514
0.0011940699769184 0.500595986843109
0.0243334006518126 0.51161402463913
0.0478084981441498 0.521897971630096
0.0715572983026505 0.531533002853394
0.0955317988991737 0.540593028068542
0.119694001972675 0.549136996269226
0.144015997648239 0.5572190284729
0.168470993638039 0.564884006977081
0.193041995167732 0.572171986103058
0.217712998390198 0.579114019870758
0.242469996213913 0.585741996765137
0.267302989959717 0.592079997062683
0.292201995849609 0.598152995109558
0.31716001033783 0.603978991508484
0.342170000076294 0.609577000141144
0.367226988077164 0.614962995052338
0.392325013875961 0.620150983333588
0.417461007833481 0.625154972076416
0.442629992961884 0.629985988140106
0.467830002307892 0.634654998779297
0.493057996034622 0.63917201757431
0.518311023712158 0.643544971942902
0.543587028980255 0.647782027721405
0.568884015083313 0.651890993118286
0.594201028347015 0.655879974365234
0.619535982608795 0.659753024578094
0.64488697052002 0.663516998291016
0.670252978801727 0.667177975177765
0.695632994174957 0.670740008354187
0.721026003360748 0.674207985401154
0.746430993080139 0.677586019039154
0.771848022937775 0.68087899684906
0.797275006771088 0.6840900182724
0.822712004184723 0.687222003936768
0.848158001899719 0.690279006958008
0.873611986637115 0.693265020847321
0.899074018001556 0.696180999279022
0.924543976783752 0.699032008647919
0.950021028518677 0.701817989349365
0.967010021209717 0.703642010688782
0.978336989879608 0.704842984676361
0.98588901758194 0.705636978149414
0.990924000740051 0.706162989139557
0.994280993938446 0.706512987613678
0.996519029140472 0.706745982170105
0.998010993003845 0.706901013851166
1 0.70710700750351
1 0.70710700750351
1.00198996067047 0.707313001155853
1.00347995758057 0.707467019557953
1.00572001934052 0.707697987556458
1.00908005237579 0.708042979240417
1.0141099691391 0.708558976650238
1.02166998386383 0.709330022335052
1.03299999237061 0.710476994514465
1.04999995231628 0.712176978588104
1.07551002502441 0.714682996273041
1.10101997852325 0.71713799238205
1.12653005123138 0.719543993473053
1.15205001831055 0.721902012825012
1.17757999897003 0.724214971065521
1.20310997962952 0.726481974124908
1.228639960289 0.728707015514374
1.25417995452881 0.730889976024628
1.27971005439758 0.733033001422882
1.30525994300842 0.735136985778809
1.33080005645752 0.737201988697052
1.35634994506836 0.739230990409851
1.38189995288849 0.741223990917206
1.40745997428894 0.743183016777039
1.44579005241394 0.746057987213135
1.48413002490997 0.748861014842987
1.52248001098633 0.751594007015228
1.56082999706268 0.754261016845703
1.59917998313904 0.756862998008728
1.63753998279572 0.759404003620148
1.67590999603271 0.761887013912201
1.71426999568939 0.764312028884888
1.75264000892639 0.766682982444763
1.79102003574371 0.769001007080078
1.82939004898071 0.771268010139465
1.86776995658875 0.773486018180847
1.90615999698639 0.775658011436462
1.96372997760773 0.778828978538513
2.021320104599 0.781903028488159
2.07890009880066 0.784884989261627
2.13649988174438 0.78777801990509
2.19408988952637 0.790588021278381
2.25168991088867 0.793317019939423
2.3092999458313 0.795970022678375
2.3668999671936 0.798550009727478
2.42452001571655 0.801060020923615
2.48213005065918 0.803502976894379
2.53974008560181 0.805881977081299
2.59735989570618 0.808200001716614
2.6837899684906 0.811567008495331
2.77023005485535 0.81480997800827
2.85666990280151 0.817934989929199
2.94312000274658 0.820949971675873
3.02957010269165 0.823858976364136
3.11601996421814 0.826671004295349
3.20247006416321 0.829388022422791
3.28892993927002 0.832015991210938
3.37539005279541 0.834560990333557
3.47534990310669 0.837401986122131
3.57530999183655 0.840143024921417
3.67528009414673 0.842787981033325
3.77524995803833 0.845342993736267
3.87521004676819 0.847811996936798
3.97518992424011 0.850199997425079
4.07516002655029 0.852510988712311
4.17512989044189 0.854749023914337
4.27510976791382 0.856917023658752
4.3750901222229 0.85901802778244
4.47506999969482 0.861056983470917
4.57504987716675 0.863035023212433
4.67503023147583 0.864955008029938
4.77501010894775 0.866819977760315
4.875 0.868632972240448
4.97497987747192 0.870395004749298
5.07496976852417 0.872108995914459
