-0.00129776995163411 -0.00671264017000794
0.000912300019990653 0.00446153013035655
0.00336378999054432 0.0155851999297738
0.00606019981205463 0.0266520995646715
0.00900455005466938 0.0376555994153023
0.0121993003413081 0.0485889986157417
0.0156462006270885 0.0594456009566784
0.0193466991186142 0.0702183991670609
0.023301100358367 0.080900602042675
0.0275094006210566 0.0914852991700172
0.0319706983864307 0.101966001093388
0.0366834998130798 0.112336002290249
0.0416455008089542 0.122588999569416
0.0468536987900734 0.132718995213509
0.0523044988512993 0.142720997333527
0.0579936988651752 0.152588993310928
0.0639164969325066 0.162319004535675
0.070067398250103 0.171905994415283
0.076440803706646 0.181345999240875
0.0830302983522415 0.19063800573349
0.0898294970393181 0.199775993824005
0.0968315005302429 0.208761006593704
0.10402899980545 0.217589005827904
0.11141599714756 0.226260006427765
0.118983998894691 0.234772995114326
0.126725003123283 0.243128001689911
0.134634003043175 0.251325994729996
0.142701998353004 0.259366005659103
0.150922998785973 0.267251014709473
0.159289002418518 0.274980992078781
0.16779400408268 0.282557994127274
0.176431998610497 0.289983987808228
0.185194998979568 0.297260999679565
0.194077000021935 0.304392009973526
0.203072994947433 0.311378002166748
0.212178006768227 0.318224012851715
0.22138400375843 0.324930012226105
0.230689004063606 0.331501990556717
0.240085005760193 0.337940007448196
0.249568998813629 0.34424901008606
0.259135991334915 0.350430011749268
0.268783003091812 0.356487989425659
0.278503000736237 0.362424999475479
0.28829500079155 0.368245005607605
0.298155009746552 0.373948991298676
0.308077991008759 0.379541009664536
0.318062007427216 0.38502499461174
0.328103989362717 0.390401989221573
0.338200002908707 0.395675987005234
0.348347991704941 0.400848001241684
0.358545988798141 0.405923008918762
0.368790000677109 0.410903006792068
0.37907999753952 0.415789008140564
0.389411002397537 0.420585006475449
0.399782985448837 0.425292998552322
0.410194009542465 0.429915994405746
0.420641005039215 0.434455007314682
0.431122988462448 0.438912987709045
0.441639006137848 0.443291008472443
0.452185988426208 0.447593003511429
0.462763011455536 0.451819986104965
0.473369002342224 0.455974012613297
0.484003007411957 0.460056990385056
0.494663000106812 0.464071005582809
0.505348026752472 0.468017995357513
0.516057014465332 0.471899002790451
0.526789009571075 0.4757159948349
0.537542998790741 0.479470014572144
0.548318028450012 0.483164012432098
0.559113025665283 0.486797988414764
0.569927990436554 0.490375012159348
0.580761015415192 0.493896007537842
0.59161102771759 0.49736100435257
0.602478981018066 0.500773012638092
0.613363027572632 0.504132986068726
0.624261975288391 0.507440984249115
0.63517701625824 0.510699987411499
0.646106004714966 0.513909995555878
0.657049000263214 0.517072975635529
0.668004989624023 0.520190000534058
0.678973019123077 0.52326101064682
0.689954996109009 0.526287019252777
0.700946986675262 0.529271006584167
0.711951971054077 0.532212018966675
0.722967028617859 0.535112023353577
0.733992993831635 0.537971973419189
0.745028972625732 0.540791988372803
0.756075024604797 0.543573975563049
0.767130017280579 0.546316981315613
0.778194010257721 0.549023985862732
0.789267003536224 0.551694989204407
0.800348997116089 0.554329991340637
0.811438977718353 0.556931018829346
0.822535991668701 0.559496998786926
0.83364200592041 0.562030971050262
0.844753980636597 0.564531981945038
0.855874001979828 0.567000985145569
0.867000997066498 0.569438993930817
0.87813401222229 0.571847021579742
0.889274001121521 0.57422399520874
0.900420010089874 0.576572000980377
0.911571979522705 0.57889199256897
0.922730028629303 0.581183016300201
0.933893024921417 0.583446025848389
0.945061981678009 0.585682988166809
0.956236004829407 0.58789199590683
0.967415988445282 0.59007602930069
0.978600025177002 0.592234015464783
0.986059010028839 0.593658983707428
0.991033017635345 0.594601988792419
0.994349002838135 0.595229029655457
0.996559977531433 0.595645010471344
0.998034000396729 0.595921993255615
1 0.59629100561142
1 0.59629100561142
1.00197005271912 0.596659004688263
1.00344002246857 0.596934974193573
1.00565004348755 0.597347021102905
1.00897002220154 0.597963988780975
1.01394999027252 0.598886013031006
1.02142000198364 0.600260019302368
1.03261995315552 0.602301001548767
1.04944002628326 0.605319976806641
1.06626999378204 0.608287990093231
1.08309996128082 0.611208021640778
1.09993994235992 0.614080011844635
1.11679005622864 0.616904973983765
1.13364994525909 0.619684994220734
1.15051996707916 0.622421026229858
1.16738998889923 0.625114977359772
1.18427002429962 0.627766013145447
1.20114994049072 0.630376994609833
1.21805000305176 0.632947027683258
1.23494005203247 0.635478973388672
1.25185000896454 0.637973010540009
1.26874995231628 0.640429973602295
1.28567004203796 0.642850995063782
1.30259001255035 0.645236015319824
1.31950998306274 0.6475870013237
1.33643996715546 0.649904012680054
1.35336995124817 0.652189016342163
1.3703099489212 0.654440999031067
1.38724994659424 0.656661987304688
1.40418994426727 0.658851981163025
1.42113995552063 0.661010980606079
1.43809998035431 0.663142025470734
1.45504999160767 0.665243983268738
1.48048996925354 0.668343007564545
1.50593996047974 0.671382009983063
1.53139996528625 0.674360990524292
1.55685997009277 0.677281975746155
1.58232998847961 0.680148005485535
1.60780000686646 0.682959020137787
1.63328003883362 0.68571799993515
1.65876996517181 0.68842601776123
1.6842600107193 0.691084027290344
1.70975005626678 0.693693995475769
1.7352499961853 0.696256995201111
1.76075994968414 0.698774993419647
1.78627002239227 0.701249003410339
1.81177997589111 0.703679025173187
1.83729994297028 0.706067979335785
1.86282002925873 0.708416998386383
1.88833999633789 0.710725009441376
1.91386997699738 0.712996006011963
1.95217001438141 0.716331005096436
1.99047005176544 0.719585001468658
2.02878999710083 0.72276097536087
2.06710004806519 0.7258620262146
2.10542988777161 0.728890001773834
2.14375996589661 0.731849014759064
2.18209004402161 0.734740018844604
2.22042989730835 0.737565994262695
2.25878000259399 0.74032998085022
2.29712009429932 0.743032991886139
2.3354799747467 0.745678007602692
2.37383008003235 0.748265981674194
2.41218996047974 0.750799000263214
2.45056009292603 0.753279983997345
2.48891997337341 0.755710005760193
2.54647994041443 0.759262025356293
2.60403990745544 0.762706995010376
2.66160988807678 0.766052007675171
2.7191801071167 0.76929897069931
2.77676010131836 0.772454023361206
2.83434009552002 0.775520980358124
2.891930103302 0.778503000736237
2.94952011108398 0.7814040184021
3.00711989402771 0.784227013587952
3.06471991539001 0.786975979804993
3.12231993675232 0.78965300321579
3.17992997169495 0.792261004447937
3.26634001731873 0.796051025390625
3.35276007652283 0.799700021743774
3.43918991088867 0.803218007087708
3.5256199836731 0.806609988212585
3.61205005645752 0.809885025024414
3.69848990440369 0.813046991825104
3.78494000434875 0.816102981567383
3.87139010429382 0.819058001041412
3.95783996582031 0.821916997432709
4.04429006576538 0.824685990810394
4.14423990249634 0.827777981758118
4.24420022964478 0.830761015415192
4.34416007995605 0.833639979362488
4.44411993026733 0.836421012878418
4.54407978057861 0.839107990264893
4.64405012130737 0.841706991195679
4.74401998519897 0.844222009181976
4.84398984909058 0.846656978130341
4.94396018981934 0.8490149974823
5.04393005371094 0.851300001144409
