1.02350997924805 -0.415665000677109
0.994702994823456 -0.414530992507935
0.965893983840942 -0.413363009691238
0.937086999416351 -0.412158995866776
0.908281028270721 -0.410917997360229
0.879477024078369 -0.409637004137039
0.850674986839294 -0.408313989639282
0.821874976158142 -0.406948000192642
0.793076992034912 -0.405535012483597
0.76428097486496 -0.404072999954224
0.735489010810852 -0.402559012174606
0.716295003890991 -0.401520013809204
0.697103023529053 -0.400454014539719
0.677911996841431 -0.399361997842789
0.658722996711731 -0.398243010044098
0.639536023139954 -0.397094011306763
0.620350003242493 -0.395915985107422
0.601167023181915 -0.39470499753952
0.581984996795654 -0.393462002277374
0.562806010246277 -0.392183989286423
0.543630003929138 -0.390868991613388
0.524456024169922 -0.389515995979309
0.505284011363983 -0.388123989105225
0.492505013942719 -0.387172013521194
0.479728013277054 -0.38620001077652
0.466951996088028 -0.385208994150162
0.454176992177963 -0.384196013212204
0.44140499830246 -0.383161991834641
0.428633987903595 -0.382106006145477
0.415865004062653 -0.38102599978447
0.403097987174988 -0.37992200255394
0.390334010124207 -0.378791987895966
0.377570986747742 -0.377635985612869
0.364811986684799 -0.376453012228012
0.352055013179779 -0.375241011381149
0.339300990104675 -0.374000012874603
0.326548993587494 -0.372727006673813
0.313802003860474 -0.371421009302139
0.301057010889053 -0.37008199095726
0.288316994905472 -0.368705987930298
0.275581002235413 -0.367293000221252
0.262849003076553 -0.36583998799324
0.250122010707855 -0.364345997571945
0.237399995326996 -0.362807989120483
0.224684000015259 -0.361223995685577
0.211973994970322 -0.359591007232666
0.199270993471146 -0.357906013727188
0.186574995517731 -0.356166988611221
0.173886999487877 -0.354369014501572
0.161208003759384 -0.352508991956711
0.148539006710052 -0.350584000349045
0.135881006717682 -0.34858700633049
0.123236000537872 -0.346514999866486
0.110602997243404 -0.344361990690231
0.0979864001274109 -0.342119991779327
0.0853865966200829 -0.339783996343613
0.0728064030408859 -0.337345987558365
0.0602483004331589 -0.334794998168945
0.0477158017456532 -0.332121998071671
0.0352124981582165 -0.329315006732941
0.0227435007691383 -0.326359987258911
0.0103144003078341 -0.323240995407104
-0.00206724996678531 -0.319938987493515
-0.0143922995775938 -0.316430985927582
-0.0266490001231432 -0.312691003084183
-0.0388218015432358 -0.308687001466751
-0.0508903004229069 -0.304378986358643
-0.0628269985318184 -0.299717992544174
-0.0745934993028641 -0.294643014669418
-0.0861357003450394 -0.289076000452042
-0.0973744988441467 -0.282920002937317
-0.10819199681282 -0.276050001382828
-0.118407003581524 -0.268312990665436
-0.127742007374763 -0.259534001350403
-0.142037004232407 -0.238261997699738
-0.147138997912407 -0.21314600110054
-0.144651994109154 -0.193653002381325
-0.13595899939537 -0.169542998075485
-0.123759999871254 -0.147003993391991
-0.109608002007008 -0.125636994838715
-0.0942806974053383 -0.105095997452736
-0.0781842991709709 -0.0851527974009514
-0.061540000140667 -0.0656642019748688
-0.0444661006331444 -0.0465506985783577
-0.0270224995911121 -0.0277740992605686
-0.00923592038452625 -0.00932202953845263
0.00888250023126602 0.00880429986864328
0.0273259002715349 0.0265999007970095
0.0460839010775089 0.044063501060009
0.0651383027434349 0.0612032003700733
0.0844608023762703 0.0780401974916458
0.104011997580528 0.0946106985211372
0.123741999268532 0.110968001186848
0.143589004874229 0.127184003591537
0.15684700012207 0.137961000204086
0.165682002902031 0.145151004195213
0.171564996242523 0.149952992796898
0.177438005805016 0.154765993356705
0.181346997618675 0.157984003424644
0.185248002409935 0.161209002137184
0.189142003655434 0.164444997906685
0.193027004599571 0.167691007256508
0.195610001683235 0.169863000512123
0.197329998016357 0.171314001083374
0.198475003242493 0.172282993793488
0.200000002980232 0.1735769957304
0.200000002980232 0.1735769957304
0.201523005962372 0.174872994422913
0.202664002776146 0.175846993923187
0.204372003674507 0.17731100320816
0.206928998231888 0.17951400578022
0.210750997066498 0.18283399939537
0.214552998542786 0.186176002025604
0.218335002660751 0.18954199552536
0.222093001008034 0.19293400645256
0.225823998451233 0.196355998516083
0.229524999856949 0.199809998273849
0.23319399356842 0.203298002481461
0.236825004220009 0.206826001405716
0.240415006875992 0.210394993424416
0.243957996368408 0.214010998606682
0.247448995709419 0.217677995562553
0.250880002975464 0.221399992704391
0.254245012998581 0.225182995200157
0.257533997297287 0.22903099656105
0.260737001895905 0.232951000332832
0.263841986656189 0.236949995160103
0.266835004091263 0.241033002734184
0.269697993993759 0.245207995176315
0.272412985563278 0.249480992555618
0.274955987930298 0.253858000040054
0.277301013469696 0.258345007896423
0.279415011405945 0.262944996356964
0.281264990568161 0.26765701174736
0.282811999320984 0.272478014230728
0.284013986587524 0.277395993471146
0.284832000732422 0.282391995191574
0.285230994224548 0.287438005208969
0.285266995429993 0.289469987154007
0.285039991140366 0.294528007507324
0.284357011318207 0.299544006586075
0.283230990171432 0.304479986429214
0.281686991453171 0.309300988912582
0.279760986566544 0.313982993364334
0.277494996786118 0.318509995937347
0.274931997060776 0.322876006364822
0.272110998630524 0.327078998088837
0.269068002700806 0.331124991178513
0.265836000442505 0.335022002458572
0.262441009283066 0.338777005672455
0.258906990289688 0.342400997877121
0.255252003669739 0.345905005931854
0.251493990421295 0.349296987056732
0.247645005583763 0.352586001157761
0.24371899664402 0.355780988931656
0.23972299695015 0.358889997005463
0.235667005181313 0.361918985843658
0.231557995080948 0.364876002073288
0.227401003241539 0.367765992879868
0.223203003406525 0.370595008134842
0.218967005610466 0.373367011547089
0.214697003364563 0.376087009906769
0.210398003458977 0.378760010004044
0.206071004271507 0.381388992071152
0.201720997691154 0.383978009223938
0.19734799861908 0.386528998613358
0.192956000566483 0.389046996831894
0.188547000288963 0.391534000635147
0.184120997786522 0.393992006778717
0.179681003093719 0.396425008773804
0.175228998064995 0.398833990097046
0.170764997601509 0.401221007108688
0.166290000081062 0.403589993715286
0.161807000637054 0.405941009521484
0.157315999269485 0.408277004957199
0.152816995978355 0.410600006580353
0.148313000798225 0.412910997867584
0.143803998827934 0.415212005376816
0.137033000588417 0.41865000128746
0.130255997180939 0.422075003385544
0.12347500026226 0.425493985414505
0.113303996622562 0.43062099814415
0.0980663001537323 0.438351005315781
0.0828844979405403 0.446189999580383
0.0678021013736725 0.454218000173569
0.0528770983219147 0.462534993886948
0.0381939001381397 0.471271991729736
0.023888299241662 0.480614006519318
0.0102043999359012 0.490844994783401
-0.00235354993492365 0.502430975437164
-0.012546700425446 0.516143977642059
-0.017111899331212 0.532607972621918
-0.017111899331212 0.532639980316162
-0.0158415995538235 0.541087985038757
-0.0123383002355695 0.548879027366638
-0.00728844990953803 0.555769979953766
-0.0012708599679172 0.56183397769928
0.00535590993240476 0.567225992679596
0.0123832998797297 0.572082996368408
0.0196870993822813 0.576515018939972
0.0271902997046709 0.580599009990692
0.0348424986004829 0.58439701795578
0.0426095984876156 0.587954998016357
0.050467599183321 0.591306984424591
0.0583988986909389 0.594480991363525
0.0663905963301659 0.597500026226044
0.0744325965642929 0.60038298368454
0.0825173035264015 0.603142976760864
0.0906383991241455 0.605794012546539
0.0987911969423294 0.608346998691559
0.106971003115177 0.610809981822968
0.115175999701023 0.61319100856781
0.123401999473572 0.61549699306488
0.131647005677223 0.617733001708984
0.139908999204636 0.6199049949646
0.14818699657917 0.622017979621887
0.156478002667427 0.624074995517731
0.164782002568245 0.626080989837646
0.173097997903824 0.628036975860596
0.181425005197525 0.629948019981384
0.189760997891426 0.631816029548645
0.198106005787849 0.633642971515656
0.206459999084473 0.635432004928589
0.214820995926857 0.637184023857117
0.223189994692802 0.638900995254517
0.231564998626709 0.640585005283356
0.239947006106377 0.642238020896912
0.248334005475044 0.643860995769501
0.256727010011673 0.645455002784729
0.265125006437302 0.647020995616913
0.273528009653091 0.648562014102936
0.28193598985672 0.650076985359192
0.290347993373871 0.651566982269287
0.298763990402222 0.65303498506546
0.307184010744095 0.65447998046875
0.315607011318207 0.655902981758118
0.324034005403519 0.657306015491486
0.332464993000031 0.658688008785248
0.340898007154465 0.660050988197327
0.349335014820099 0.661395013332367
0.357773989439011 0.66272097826004
0.366216003894806 0.664029002189636
0.37466099858284 0.665320992469788
0.383109003305435 0.666595995426178
0.391557991504669 0.667854011058807
0.400009989738464 0.669097006320953
0.408464998006821 0.670324981212616
0.421149998903275 0.672140002250671
0.43384000658989 0.673923015594482
0.446534007787704 0.675674974918365
0.459232002496719 0.677398025989532
0.471933990716934 0.67909300327301
0.48463898897171 0.680760025978088
0.497348010540009 0.682402014732361
0.510060012340546 0.684018015861511
0.522774994373322 0.685609996318817
0.535494029521942 0.687178015708923
0.548214972019196 0.688723027706146
0.560938000679016 0.690245985984802
0.573664009571075 0.691748023033142
0.586392998695374 0.693229019641876
0.599124014377594 0.694689989089966
0.618224024772644 0.69684499502182
0.637329995632172 0.698957026004791
0.656439006328583 0.701029002666473
0.675553023815155 0.703063011169434
0.694670975208282 0.705058991909027
0.713792026042938 0.707018971443176
0.732917010784149 0.708944976329803
0.75204598903656 0.710837006568909
0.771176993846893 0.71269702911377
0.790310978889465 0.714527010917664
0.809449017047882 0.716325998306274
0.828589022159576 0.718096017837524
0.847730994224548 0.71983802318573
0.866876006126404 0.721553027629852
0.886023998260498 0.723241984844208
0.914749026298523 0.725727021694183
0.943479001522064 0.728156983852386
0.972212970256805 0.730534970760345
1.00094997882843 0.732861995697021
