0 0 0 0 0.388200014829636 0.594500005245209 0.533599972724915
0 0 0 0.0500000007450581 0.3882015645504 0.594501376152039 0.533580958843231
0 0 0 0.100000001490116 0.388203054666519 0.594502031803131 0.533564686775208
0 0 0 0.150000005960464 0.388204485177994 0.594502091407776 0.533551096916199
0 0 0 0.200000002980232 0.388205796480179 0.594501614570618 0.533539950847626
0 0 0 0.25 0.388207048177719 0.594500780105591 0.533531010150909
0 0 0 0.300000011920929 0.388208240270615 0.59449964761734 0.533524036407471
0 0 0 0.349999994039536 0.388209372758865 0.59449827671051 0.53351891040802
0 0 0 0.400000005960464 0.388210445642471 0.594496726989746 0.533515393733978
0 0 0 0.449999988079071 0.38821142911911 0.594495117664337 0.533513247966766
0 0 0 0.5 0.388212382793427 0.594493508338928 0.53351229429245
0 0 0 0.550000011920929 0.388213276863098 0.594491839408875 0.53351241350174
0 0 0 0.600000023841858 0.388214141130447 0.59449028968811 0.533513367176056
0 0 0 0.649999976158142 0.388214945793152 0.594488739967346 0.53351503610611
0 0 0 0.699999988079071 0.388215690851212 0.594487369060516 0.533517301082611
0 0 0 0.75 0.388216406106949 0.594486057758331 0.533519983291626
0 0 0 0.800000011920929 0.388217091560364 0.594484925270081 0.53352302312851
0 0 0 0.850000023841858 0.388217747211456 0.594483911991119 0.533526301383972
0 0 0 0.899999976158142 0.388218343257904 0.594483017921448 0.533529758453369
0 0 0 0.949999988079071 0.388218909502029 0.594482362270355 0.533533215522766
0 0 0 1 0.388219445943832 0.594481766223907 0.533536732196808
0 0 0 1.04999995231628 0.388219982385635 0.594481348991394 0.53354012966156
0 0 0 1.10000002384186 0.388220459222794 0.594481110572815 0.533543467521667
0 0 0 1.14999997615814 0.388220906257629 0.594480931758881 0.533546626567841
0 0 0 1.20000004768372 0.388221353292465 0.594480931758881 0.533549606800079
0 0 0 1.25 0.388221740722656 0.59448105096817 0.533552408218384
0 0 0 1.29999995231628 0.388222128152847 0.594481229782104 0.533554971218109
0 0 0 1.35000002384186 0.388222515583038 0.594481527805328 0.533557295799255
0 0 0 1.39999997615814 0.388222843408585 0.594481945037842 0.533559381961823
0 0 0 1.45000004768372 0.388223171234131 0.594482421875 0.533561229705811
0 0 0 1.5 0.388223499059677 0.594482898712158 0.533562839031219
0 0 0 1.54999995231628 0.388223767280579 0.594483494758606 0.533564209938049
0 0 0 1.60000002384186 0.388224065303802 0.594484090805054 0.5335653424263
0 0 0 1.64999997615814 0.388224303722382 0.594484746456146 0.533566296100616
0 0 0 1.70000004768372 0.388224571943283 0.594485402107239 0.533567070960999
0 0 0 1.75 0.388224810361862 0.594486057758331 0.533567607402802
0 0 0 1.79999995231628 0.388225018978119 0.594486773014069 0.53356796503067
0 0 0 1.85000002384186 0.388225227594376 0.594487488269806 0.533568203449249
0 0 0 1.89999997615814 0.388225436210632 0.594488143920898 0.533568322658539
0 0 0 1.95000004768372 0.388225615024567 0.594488859176636 0.533568263053894
0 0 0 2 0.388225793838501 0.594489514827728 0.53356808423996
0 0 0 2.04999995231628 0.388225942850113 0.594490110874176 0.533567845821381
0 0 0 2.09999990463257 0.388226121664047 0.594490766525269 0.533567488193512
0 0 0 2.15000009536743 0.388226270675659 0.594491362571716 0.533567130565643
0 0 0 2.20000004768372 0.388226389884949 0.594491958618164 0.533566653728485
0 0 0 2.25 0.388226538896561 0.594492495059967 0.533566117286682
0 0 0 2.29999995231628 0.38822665810585 0.594492971897125 0.533565580844879
0 0 0 2.34999990463257 0.38822677731514 0.594493448734283 0.533565044403076
0 0 0 2.40000009536743 0.388226896524429 0.594493925571442 0.533564448356628
0 0 0 2.45000004768372 0.388226985931396 0.594494342803955 0.533563852310181
0 0 0 2.5 0.388227105140686 0.594494760036469 0.533563256263733
0 0 0 2.54999995231628 0.388227194547653 0.594495117664337 0.53356271982193
0 0 0 2.59999990463257 0.38822728395462 0.594495415687561 0.533562123775482
0 0 0 2.65000009536743 0.388227373361588 0.59449577331543 0.533561587333679
0 0 0 2.70000004768372 0.388227432966232 0.594496011734009 0.533561050891876
0 0 0 2.75 0.388227522373199 0.594496309757233 0.533560574054718
0 0 0 2.79999995231628 0.388227581977844 0.594496548175812 0.533560037612915
0 0 0 2.84999990463257 0.388227671384811 0.594496726989746 0.533559620380402
0 0 0 2.90000009536743 0.388227730989456 0.59449690580368 0.533559203147888
0 0 0 2.95000004768372 0.388227790594101 0.594497084617615 0.533558785915375
0 0 0 3 0.388227850198746 0.594497263431549 0.533558428287506
0 0 0 3.04999995231628 0.388227909803391 0.594497382640839 0.533558070659637
0 0 0 3.09999990463257 0.388227939605713 0.594497501850128 0.533557772636414
0 0 0 3.15000009536743 0.388227999210358 0.594497621059418 0.53355747461319
0 0 0 3.20000004768372 0.38822802901268 0.594497740268707 0.533557236194611
0 0 0 3.25 0.388228088617325 0.594497799873352 0.533556997776031
0 0 0 3.29999995231628 0.388228118419647 0.594497859477997 0.533556818962097
0 0 0 3.34999990463257 0.388228178024292 0.594497919082642 0.533556640148163
0 0 0 3.40000009536743 0.388228207826614 0.594497978687286 0.533556461334229
0 0 0 3.45000004768372 0.388228237628937 0.594498038291931 0.533556342124939
0 0 0 3.5 0.388228267431259 0.594498097896576 0.533556222915649
0 0 0 3.54999995231628 0.388228297233582 0.594498157501221 0.53355610370636
0 0 0 3.59999990463257 0.388228327035904 0.594498157501221 0.533556044101715
0 0 0 3.65000009536743 0.388228356838226 0.594498217105865 0.533555924892426
0 0 0 3.70000004768372 0.388228386640549 0.594498217105865 0.533555865287781
0 0 0 3.75 0.388228416442871 0.59449827671051 0.533555865287781
0 0 0 3.79999995231628 0.388228416442871 0.59449827671051 0.533555805683136
0 0 0 3.84999990463257 0.388228446245193 0.59449827671051 0.533555746078491
0 0 0 3.90000009536743 0.388228476047516 0.594498336315155 0.533555746078491
0 0 0 3.95000004768372 0.388228505849838 0.594498336315155 0.533555746078491
0 0 0 4 0.388228505849838 0.594498336315155 0.533555686473846
0 0 0 4.05000019073486 0.388228535652161 0.5944983959198 0.533555686473846
0 0 0 4.09999990463257 0.388228535652161 0.5944983959198 0.533555686473846
0 0 0 4.15000009536743 0.388228565454483 0.5944983959198 0.533555686473846
0 0 0 4.19999980926514 0.388228565454483 0.594498455524445 0.533555686473846
0 0 0 4.25 0.388228595256805 0.594498455524445 0.533555686473846
0 0 0 4.30000019073486 0.388228595256805 0.594498455524445 0.533555686473846
0 0 0 4.34999990463257 0.388228625059128 0.594498455524445 0.533555686473846
0 0 0 4.40000009536743 0.388228625059128 0.594498515129089 0.533555686473846
0 0 0 4.44999980926514 0.388228625059128 0.594498515129089 0.533555686473846
0 0 0 4.5 0.38822865486145 0.594498515129089 0.533555686473846
0 0 0 4.55000019073486 0.38822865486145 0.594498574733734 0.533555746078491
0 0 0 4.59999990463257 0.38822865486145 0.594498574733734 0.533555746078491
0 0 0 4.65000009536743 0.388228684663773 0.594498574733734 0.533555746078491
0 0 0 4.69999980926514 0.388228684663773 0.594498574733734 0.533555746078491
0 0 0 4.75 0.388228684663773 0.594498634338379 0.533555746078491
0 0 0 4.80000019073486 0.388228714466095 0.594498634338379 0.533555746078491
0 0 0 4.84999990463257 0.388228714466095 0.594498634338379 0.533555746078491
0 0 0 4.90000009536743 0.388228714466095 0.594498634338379 0.533555686473846
0 0 0 4.94999980926514 0.388228714466095 0.594498693943024 0.533555686473846
0 0 0 5 0.388228714466095 0.594498693943024 0.533555686473846
0 0 0 5.05000019073486 0.388228744268417 0.594498693943024 0.533555686473846
0 0 0 5.09999990463257 0.388228744268417 0.594498693943024 0.533555686473846
0 0 0 5.15000009536743 0.388228744268417 0.594498693943024 0.533555686473846
0 0 0 5.19999980926514 0.388228744268417 0.594498753547668 0.533555686473846
0 0 0 5.25 0.388228744268417 0.594498753547668 0.533555686473846
0 0 0 5.30000019073486 0.388228744268417 0.594498753547668 0.533555686473846
0 0 0 5.34999990463257 0.38822877407074 0.594498753547668 0.533555686473846
0 0 0 5.40000009536743 0.38822877407074 0.594498753547668 0.533555626869202
0 0 0 5.44999980926514 0.38822877407074 0.594498813152313 0.533555626869202
0 0 0 5.5 0.38822877407074 0.594498813152313 0.533555626869202
0 0 0 5.55000019073486 0.38822877407074 0.594498813152313 0.533555626869202
0 0 0 5.59999990463257 0.38822877407074 0.594498813152313 0.533555626869202
0 0 0 5.65000009536743 0.38822877407074 0.594498813152313 0.533555626869202
0 0 0 5.69999980926514 0.38822877407074 0.594498813152313 0.533555626869202
0 0 0 5.75 0.38822877407074 0.594498813152313 0.533555567264557
0 0 0 5.80000019073486 0.388228803873062 0.594498813152313 0.533555567264557
0 0 0 5.84999990463257 0.388228803873062 0.594498872756958 0.533555567264557
0 0 0 5.90000009536743 0.388228803873062 0.594498872756958 0.533555567264557
0 0 0 5.94999980926514 0.388228803873062 0.594498872756958 0.533555567264557
0 0 0 6 0.388228803873062 0.594498872756958 0.533555567264557
0 0 0 6.05000019073486 0.388228803873062 0.594498872756958 0.533555567264557
0 0 0 6.09999990463257 0.388228803873062 0.594498872756958 0.533555567264557
0 0 0 6.15000009536743 0.388228803873062 0.594498872756958 0.533555567264557
0 0 0 6.19999980926514 0.388228803873062 0.594498872756958 0.533555507659912
0 0 0 6.25 0.388228803873062 0.594498872756958 0.533555507659912
0 0 0 6.30000019073486 0.388228803873062 0.594498872756958 0.533555507659912
0 0 0 6.34999990463257 0.388228803873062 0.594498872756958 0.533555507659912
0 0 0 6.40000009536743 0.388228803873062 0.594498872756958 0.533555507659912
0 0 0 6.44999980926514 0.388228803873062 0.594498872756958 0.533555507659912
0 0 0 6.5 0.388228803873062 0.594498872756958 0.533555507659912
0 0 0 6.55000019073486 0.388228803873062 0.594498872756958 0.533555507659912
0 0 0 6.59999990463257 0.388228803873062 0.594498872756958 0.533555507659912
0 0 0 6.65000009536743 0.388228803873062 0.594498872756958 0.533555507659912
0 0 0 6.69999980926514 0.388228803873062 0.594498872756958 0.533555507659912
0 0 0 6.75 0.388228803873062 0.594498872756958 0.533555507659912
0 0 0 6.80000019073486 0.388228803873062 0.594498932361603 0.533555507659912
0 0 0 6.84999990463257 0.388228833675385 0.594498932361603 0.533555507659912
0 0 0 6.90000009536743 0.388228833675385 0.594498932361603 0.533555507659912
0 0 0 6.94999980926514 0.388228833675385 0.594498932361603 0.533555507659912
0 0 0 7 0.388228833675385 0.594498932361603 0.533555507659912
0 0 0 7.05000019073486 0.388228833675385 0.594498932361603 0.533555507659912
0 0 0 7.09999990463257 0.388228833675385 0.594498932361603 0.533555507659912
0 0 0 7.15000009536743 0.388228833675385 0.594498932361603 0.533555507659912
0 0 0 7.19999980926514 0.388228833675385 0.594498932361603 0.533555507659912
0 0 0 7.25 0.388228833675385 0.594498932361603 0.533555507659912
0 0 0 7.30000019073486 0.388228833675385 0.594498932361603 0.533555507659912
0 0 0 7.34999990463257 0.388228833675385 0.594498932361603 0.533555507659912
0 0 0 7.40000009536743 0.388228833675385 0.594498932361603 0.533555507659912
0 0 0 7.44999980926514 0.388228833675385 0.594498932361603 0.533555507659912
0 0 0 7.5 0.388228833675385 0.594498932361603 0.533555507659912
0 0 0 7.55000019073486 0.388228833675385 0.594498932361603 0.533555507659912
0 0 0 7.59999990463257 0.388228833675385 0.594498932361603 0.533555507659912
0 0 0 7.65000009536743 0.388228833675385 0.594498932361603 0.533555507659912
0 0 0 7.69999980926514 0.388228833675385 0.594498932361603 0.533555448055267
0 0 0 7.75 0.388228833675385 0.594498932361603 0.533555448055267
0 0 0 7.80000019073486 0.388228833675385 0.594498932361603 0.533555448055267
0 0 0 7.84999990463257 0.388228833675385 0.594498932361603 0.533555448055267
0 0 0 7.90000009536743 0.388228833675385 0.594498932361603 0.533555448055267
0 0 0 7.94999980926514 0.388228833675385 0.594498932361603 0.533555448055267
0 0 0 8 0.388228833675385 0.594498932361603 0.533555448055267
0 0 0 8.05000019073486 0.392831712961197 0.594513654708862 0.534641683101654
0 0 0 8.10000038146973 0.397163331508636 0.594610393047333 0.537615895271301
0 0 0 8.14999961853027 0.401240170001984 0.594855010509491 0.542083263397217
0 0 0 8.19999980926514 0.405077815055847 0.595297396183014 0.547692894935608
0 0 0 8.25 0.408690840005875 0.595973551273346 0.554134845733643
0 0 0 8.30000019073486 0.412092804908752 0.596906960010529 0.561137974262238
0 0 0 8.35000038146973 0.41529643535614 0.598110914230347 0.568465948104858
0 0 0 8.39999961853027 0.418313652276993 0.599589228630066 0.575914442539215
0 0 0 8.44999980926514 0.421155542135239 0.601338148117065 0.583308339118958
0 0 0 8.5 0.423832565546036 0.603347420692444 0.59049916267395
0 0 0 8.55000019073486 0.426354497671127 0.605601370334625 0.59736305475235
0 0 0 8.60000038146973 0.428730487823486 0.608079969882965 0.603798747062683
0 0 0 8.64999961853027 0.430969178676605 0.610760033130646 0.609725832939148
0 0 0 8.69999980926514 0.433078587055206 0.613615691661835 0.615083396434784
0 0 0 8.75 0.435066312551498 0.61661958694458 0.619828224182129
0 0 0 8.80000019073486 0.436939507722855 0.619743406772614 0.623933494091034
0 0 0 8.85000038146973 0.43870484828949 0.622958660125732 0.627387225627899
0 0 0 8.89999961853027 0.440368592739105 0.626237273216248 0.63019061088562
0 0 0 8.94999980926514 0.441936701536179 0.629551827907562 0.632356405258179
0 0 0 9 0.443414688110352 0.632876455783844 0.633907556533813
0 0 0 9.05000019073486 0.444807797670364 0.63618677854538 0.634875237941742
0 0 0 9.10000038146973 0.446120977401733 0.639460444450378 0.635297656059265
0 0 0 9.14999961853027 0.447358816862106 0.642677187919617 0.63521808385849
0 0 0 9.19999980926514 0.448525667190552 0.645819127559662 0.634683728218079
0 0 0 9.25 0.449625670909882 0.648870527744293 0.633744359016418
0 0 0 9.30000019073486 0.450662642717361 0.65181827545166 0.632450759410858
0 0 0 9.35000038146973 0.451640248298645 0.654651463031769 0.630854070186615
0 0 0 9.39999961853027 0.452561914920807 0.657361388206482 0.629004299640656
0 0 0 9.44999980926514 0.45343080163002 0.659941613674164 0.626949906349182
0 0 0 9.5 0.454250007867813 0.662387669086456 0.624736905097961
0 0 0 9.55000019073486 0.455022364854813 0.664697051048279 0.622408330440521
0 0 0 9.60000038146973 0.455750554800034 0.66686874628067 0.620003938674927
0 0 0 9.64999961853027 0.456437140703201 0.668903410434723 0.617559731006622
0 0 0 9.69999980926514 0.457084476947784 0.670803010463715 0.615107893943787
0 0 0 9.75 0.457694828510284 0.672570526599884 0.612676739692688
0 0 0 9.80000019073486 0.458270311355591 0.674210071563721 0.61029064655304
0 0 0 9.85000038146973 0.458812952041626 0.675726354122162 0.607970237731934
0 0 0 9.89999961853027 0.459324598312378 0.677124917507172 0.605732560157776
0 0 0 9.94999980926514 0.45980703830719 0.678411483764648 0.603591203689575
0 0 0 10 0.460261911153793 0.679592370986938 0.601556599140167
0 0 0 10.0500001907349 0.460690855979919 0.680674016475677 0.599636256694794
0 0 0 10.1000003814697 0.461095333099365 0.681662917137146 0.597835123538971
0 0 0 10.1499996185303 0.461476713418961 0.682565569877625 0.596155822277069
0 0 0 10.1999998092651 0.461836338043213 0.683388471603394 0.59459912776947
0 0 0 10.25 0.462175458669662 0.68413782119751 0.593163847923279
0 0 0 10.3000001907349 0.462495237588882 0.68481981754303 0.591847479343414
0 0 0 10.3500003814697 0.462796777486801 0.685440182685852 0.590646386146545
0 0 0 10.3999996185303 0.463081121444702 0.686004519462585 0.58955579996109
0 0 0 10.4499998092651 0.463349252939224 0.686518132686615 0.588570415973663
0 0 0 10.5 0.463602095842361 0.686985790729523 0.587684273719788
0 0 0 10.5500001907349 0.463840514421463 0.687412202358246 0.586891055107117
0 0 0 10.6000003814697 0.464065343141556 0.687801539897919 0.58618426322937
0 0 0 10.6499996185303 0.464277356863022 0.688157737255096 0.585557281970978
0 0 0 10.6999998092651 0.464477300643921 0.688484311103821 0.585003435611725
0 0 0 10.75 0.464665859937668 0.688784539699554 0.584516406059265
0 0 0 10.8000001907349 0.46484363079071 0.689061403274536 0.584089756011963
0 0 0 10.8500003814697 0.465011298656464 0.689317464828491 0.583717525005341
0 0 0 10.8999996185303 0.465169429779053 0.689555108547211 0.58339387178421
0 0 0 10.9499998092651 0.465318530797958 0.689776480197906 0.583113491535187
0 0 0 11 0.465459138154984 0.689983427524567 0.582871198654175
0 0 0 11.0500001907349 0.465591728687286 0.6901775598526 0.582662284374237
0 0 0 11.1000003814697 0.465716749429703 0.690360367298126 0.58248245716095
0 0 0 11.1499996185303 0.465834677219391 0.690533041954041 0.582327783107758
0 0 0 11.1999998092651 0.465945869684219 0.690696716308594 0.58219450712204
0 0 0 11.25 0.466050744056702 0.690852284431458 0.582079529762268
0 0 0 11.3000001907349 0.466149628162384 0.691000580787659 0.581979811191559
0 0 0 11.3500003814697 0.466242879629135 0.691142201423645 0.581892907619476
0 0 0 11.3999996185303 0.466330826282501 0.691277861595154 0.581816434860229
0 0 0 11.4499998092651 0.466413766145706 0.691407918930054 0.581748425960541
0 0 0 11.5 0.466491967439651 0.691532790660858 0.581687271595001
0 0 0 11.5500001907349 0.466565728187561 0.691652834415436 0.581631362438202
0 0 0 11.6000003814697 0.466635286808014 0.69176834821701 0.581579446792603
0 0 0 11.6499996185303 0.466700881719589 0.691879510879517 0.581530630588531
0 0 0 11.6999998092651 0.466762721538544 0.691986560821533 0.581483900547028
0 0 0 11.75 0.466821074485779 0.69208961725235 0.581438720226288
0 0 0 11.8000001907349 0.466876089572906 0.692188799381256 0.581394374370575
0 0 0 11.8500003814697 0.466927945613861 0.692284286022186 0.58135050535202
0 0 0 11.8999996185303 0.466976881027222 0.692376017570496 0.581306874752045
0 0 0 11.9499998092651 0.467023015022278 0.692464232444763 0.581263184547424
0 0 0 12 0.467066526412964 0.692548930644989 0.581219255924225
0 0 0 12.0500001907349 0.467107564210892 0.692630171775818 0.581175148487091
0 0 0 12.1000003814697 0.467146247625351 0.692708075046539 0.581130802631378
0 0 0 12.1499996185303 0.467182755470276 0.692782640457153 0.581086158752441
0 0 0 12.1999998092651 0.467217177152634 0.692853927612305 0.58104145526886
0 0 0 12.25 0.467249631881714 0.692922055721283 0.580996632575989
0 0 0 12.3000001907349 0.467280238866806 0.692987024784088 0.580951869487762
0 0 0 12.3500003814697 0.467309087514877 0.69304895401001 0.58090728521347
0 0 0 12.3999996185303 0.46733632683754 0.693107962608337 0.580862998962402
0 0 0 12.4499998092651 0.467361986637115 0.693163990974426 0.580819129943848
0 0 0 12.5 0.467386186122894 0.693217277526855 0.580775856971741
0 0 0 12.5500001907349 0.467409014701843 0.69326776266098 0.580733299255371
0 0 0 12.6000003814697 0.46743056178093 0.693315625190735 0.580691576004028
0 0 0 12.6499996185303 0.467450857162476 0.693360924720764 0.580650746822357
0 0 0 12.6999998092651 0.467469990253448 0.693403780460358 0.580610990524292
0 0 0 12.75 0.467488050460815 0.69344425201416 0.580572366714478
0 0 0 12.8000001907349 0.467505097389221 0.693482398986816 0.580534934997559
0 0 0 12.8500003814697 0.467521160840988 0.693518400192261 0.580498814582825
0 0 0 12.8999996185303 0.467536300420761 0.693552315235138 0.580463945865631
0 0 0 12.9499998092651 0.467550575733185 0.693584203720093 0.580430507659912
0 0 0 13 0.467564046382904 0.69361424446106 0.580398440361023
0 0 0 13.0500001907349 0.467576742172241 0.693642437458038 0.580367863178253
0 0 0 13.1000003814697 0.467588722705841 0.693668901920319 0.580338656902313
0 0 0 13.1499996185303 0.467600017786026 0.69369375705719 0.580310821533203
0 0 0 13.1999998092651 0.467610687017441 0.693717062473297 0.580284476280212
0 0 0 13.25 0.467620730400085 0.69373893737793 0.580259501934052
0 0 0 13.3000001907349 0.467630207538605 0.693759441375732 0.58023589849472
0 0 0 13.3500003814697 0.467639148235321 0.69377863407135 0.580213606357574
0 0 0 13.3999996185303 0.467647552490234 0.693796634674072 0.580192625522614
0 0 0 13.4499998092651 0.467655509710312 0.693813443183899 0.580172955989838
0 0 0 13.5 0.467662990093231 0.693829238414764 0.580154418945313
0 0 0 13.5500001907349 0.467670083045959 0.693844020366669 0.580137073993683
0 0 0 13.6000003814697 0.467676728963852 0.693857848644257 0.580120861530304
0 0 0 13.6499996185303 0.467683017253876 0.693870782852173 0.580105721950531
0 0 0 13.6999998092651 0.467688947916031 0.693882882595062 0.580091595649719
0 0 0 13.75 0.46769455075264 0.693894267082214 0.580078423023224
0 0 0 13.8000001907349 0.467699825763702 0.693904936313629 0.5800661444664
0 0 0 13.8500003814697 0.467704772949219 0.693914890289307 0.580054700374603
0 0 0 13.8999996185303 0.467709481716156 0.693924248218536 0.580044090747833
0 0 0 13.9499998092651 0.467713892459869 0.693933010101318 0.580034196376801
0 0 0 14 0.467718064785004 0.693941235542297 0.580025017261505
0 0 0 14.0500001907349 0.467721998691559 0.693948924541473 0.580016493797302
0 0 0 14.1000003814697 0.467725694179535 0.693956196308136 0.580008625984192
0 0 0 14.1499996185303 0.467729210853577 0.69396299123764 0.580001294612885
0 0 0 14.1999998092651 0.467732489109039 0.693969428539276 0.579994440078735
0 0 0 14.25 0.46773561835289 0.693975448608398 0.579988121986389
0 0 0 14.3000001907349 0.467738538980484 0.693981111049652 0.579982280731201
0 0 0 14.3500003814697 0.467741310596466 0.693986415863037 0.579976797103882
0 0 0 14.3999996185303 0.467743933200836 0.693991482257843 0.579971730709076
0 0 0 14.4499998092651 0.467746376991272 0.69399619102478 0.579967021942139
0 0 0 14.5 0.467748701572418 0.694000661373138 0.579962611198425
0 0 0 14.5500001907349 0.467750877141953 0.694004893302917 0.579958498477936
0 0 0 14.6000003814697 0.46775296330452 0.694008827209473 0.57995468378067
0 0 0 14.6499996185303 0.467754900455475 0.694012582302094 0.579951107501984
0 0 0 14.6999998092651 0.467756748199463 0.694016098976135 0.579947769641876
0 0 0 14.75 0.467758476734161 0.694019496440887 0.579944610595703
0 0 0 14.8000001907349 0.46776008605957 0.694022655487061 0.579941689968109
0 0 0 14.8500003814697 0.467761635780334 0.694025635719299 0.579938948154449
0 0 0 14.8999996185303 0.467763096094131 0.694028437137604 0.579936385154724
0 0 0 14.9499998092651 0.467764467000961 0.694031119346619 0.579933941364288
0 0 0 15 0.467765748500824 0.694033622741699 0.579931676387787
0 0 0 15.0500001907349 0.467766970396042 0.69403600692749 0.57992947101593
0 0 0 15.1000003814697 0.467768102884293 0.694038271903992 0.579927444458008
0 0 0 15.1499996185303 0.467769205570221 0.694040417671204 0.579925537109375
0 0 0 15.1999998092651 0.467770218849182 0.694042444229126 0.579923689365387
0 0 0 15.25 0.467771172523499 0.694044351577759 0.579921960830688
0 0 0 15.3000001907349 0.467772096395493 0.694046199321747 0.57992035150528
0 0 0 15.3500003814697 0.467772960662842 0.694047868251801 0.579918801784515
0 0 0 15.3999996185303 0.467773765325546 0.694049537181854 0.579917371273041
0 0 0 15.4499998092651 0.467774510383606 0.694051027297974 0.579915940761566
0 0 0 15.5 0.467775225639343 0.694052517414093 0.579914629459381
0 0 0 15.5500001907349 0.467775911092758 0.694053888320923 0.579913377761841
0 0 0 15.6000003814697 0.467776536941528 0.694055140018463 0.579912185668945
0 0 0 15.6499996185303 0.467777162790298 0.694056391716003 0.579911053180695
0 0 0 15.6999998092651 0.467777729034424 0.694057524204254 0.579909980297089
0 0 0 15.75 0.467778265476227 0.694058656692505 0.579908967018127
0 0 0 15.8000001907349 0.467778772115707 0.694059669971466 0.579907953739166
0 0 0 15.8500003814697 0.467779248952866 0.694060623645782 0.579907059669495
0 0 0 15.8999996185303 0.467779695987701 0.694061577320099 0.579906165599823
0 0 0 15.9499998092651 0.467780113220215 0.694062411785126 0.579905331134796
0 0 0 16 0.467780500650406 0.694063246250153 0.579904556274414
0 0 0 16.0499992370605 0.467780888080597 0.694064021110535 0.579903841018677
0 0 0 16.1000003814697 0.467781245708466 0.694064736366272 0.579903125762939
0 0 0 16.1499996185303 0.467781573534012 0.694065451622009 0.579902410507202
0 0 0 16.2000007629395 0.467781901359558 0.694066107273102 0.579901814460754
0 0 0 16.25 0.467782199382782 0.69406670331955 0.579901158809662
0 0 0 16.2999992370605 0.467782467603683 0.694067299365997 0.579900622367859
0 0 0 16.3500003814697 0.467782735824585 0.6940678358078 0.579900085926056
0 0 0 16.3999996185303 0.467783004045486 0.694068372249603 0.579899549484253
0 0 0 16.4500007629395 0.467783212661743 0.694068849086761 0.579899072647095
0 0 0 16.5 0.467783451080322 0.694069266319275 0.579898595809937
0 0 0 16.5499992370605 0.467783659696579 0.694069743156433 0.579898178577423
0 0 0 16.6000003814697 0.467783868312836 0.694070100784302 0.57989776134491
0 0 0 16.6499996185303 0.46778404712677 0.694070518016815 0.579897403717041
0 0 0 16.7000007629395 0.467784225940704 0.694070875644684 0.579897046089172
0 0 0 16.75 0.467784374952316 0.694071233272552 0.579896688461304
0 0 0 16.7999992370605 0.467784553766251 0.694071531295776 0.579896330833435
0 0 0 16.8500003814697 0.467784702777863 0.694071829319 0.579896032810211
0 0 0 16.8999996185303 0.467784821987152 0.694072127342224 0.579895734786987
0 0 0 16.9500007629395 0.467784970998764 0.694072365760803 0.579895496368408
0 0 0 17 0.467785090208054 0.694072604179382 0.579895257949829
0 0 0 17.0499992370605 0.467785209417343 0.694072842597961 0.57989501953125
0 0 0 17.1000003814697 0.46778529882431 0.694073081016541 0.579894781112671
0 0 0 17.1499996185303 0.4677854180336 0.69407331943512 0.579894542694092
0 0 0 17.2000007629395 0.467785507440567 0.694073498249054 0.579894363880157
0 0 0 17.25 0.467785596847534 0.694073677062988 0.579894185066223
0 0 0 17.2999992370605 0.467785686254501 0.694073855876923 0.579894006252289
0 0 0 17.3500003814697 0.467785775661469 0.694074034690857 0.579893827438354
0 0 0 17.3999996185303 0.467785865068436 0.694074153900146 0.57989364862442
0 0 0 17.4500007629395 0.46778592467308 0.694074332714081 0.579893529415131
0 0 0 17.5 0.467785984277725 0.69407445192337 0.579893350601196
0 0 0 17.5499992370605 0.46778604388237 0.69407457113266 0.579893231391907
0 0 0 17.6000003814697 0.467786133289337 0.694074690341949 0.579893112182617
0 0 0 17.6499996185303 0.46778616309166 0.694074809551239 0.579892992973328
0 0 0 17.7000007629395 0.467786222696304 0.694074928760529 0.579892873764038
0 0 0 17.75 0.467786282300949 0.694075047969818 0.579892814159393
0 0 0 17.7999992370605 0.467786341905594 0.694075107574463 0.579892694950104
0 0 0 17.8500003814697 0.467786371707916 0.694075226783752 0.579892635345459
0 0 0 17.8999996185303 0.467786431312561 0.694075286388397 0.579892516136169
0 0 0 17.9500007629395 0.467786461114883 0.694075405597687 0.579892456531525
0 0 0 18 0.467786490917206 0.694075465202332 0.57989239692688
0 0 0 18.0499992370605 0.467786520719528 0.694075524806976 0.57989227771759
0 0 0 18.1000003814697 0.467786580324173 0.694075584411621 0.579892218112946
0 0 0 18.1499996185303 0.467786610126495 0.694075703620911 0.579892158508301
0 0 0 18.2000007629395 0.467786639928818 0.694075763225555 0.579892098903656
0 0 0 18.25 0.46778666973114 0.6940758228302 0.579892039299011
0 0 0 18.2999992370605 0.467786699533463 0.6940758228302 0.579891979694366
0 0 0 18.3500003814697 0.467786699533463 0.694075882434845 0.579891979694366
0 0 0 18.3999996185303 0.467786729335785 0.69407594203949 0.579891920089722
0 0 0 18.4500007629395 0.467786759138107 0.694076001644135 0.579891860485077
0 0 0 18.5 0.46778678894043 0.694076061248779 0.579891800880432
0 0 0 18.5499992370605 0.46778678894043 0.694076061248779 0.579891800880432
0 0 0 18.6000003814697 0.467786818742752 0.694076120853424 0.579891741275787
0 0 0 18.6499996185303 0.467786848545074 0.694076180458069 0.579891741275787
0 0 0 18.7000007629395 0.467786848545074 0.694076180458069 0.579891681671143
0 0 0 18.75 0.467786878347397 0.694076240062714 0.579891622066498
0 0 0 18.7999992370605 0.467786878347397 0.694076240062714 0.579891622066498
0 0 0 18.8500003814697 0.467786908149719 0.694076299667358 0.579891562461853
0 0 0 18.8999996185303 0.467786908149719 0.694076299667358 0.579891562461853
0 0 0 18.9500007629395 0.467786937952042 0.694076299667358 0.579891562461853
0 0 0 19 0.467786937952042 0.694076359272003 0.579891502857208
0 0 0 19.0499992370605 0.467786937952042 0.694076359272003 0.579891502857208
0 0 0 19.1000003814697 0.467786967754364 0.694076418876648 0.579891502857208
0 0 0 19.1499996185303 0.467786967754364 0.694076418876648 0.579891443252563
0 0 0 19.2000007629395 0.467786967754364 0.694076418876648 0.579891443252563
0 0 0 19.25 0.467786997556686 0.694076478481293 0.579891443252563
0 0 0 19.2999992370605 0.467786997556686 0.694076478481293 0.579891383647919
0 0 0 19.3500003814697 0.467786997556686 0.694076478481293 0.579891383647919
0 0 0 19.3999996185303 0.467786997556686 0.694076478481293 0.579891383647919
0 0 0 19.4500007629395 0.467787027359009 0.694076538085938 0.579891383647919
0 0 0 19.5 0.467787027359009 0.694076538085938 0.579891324043274
0 0 0 19.5499992370605 0.467787027359009 0.694076538085938 0.579891324043274
0 0 0 19.6000003814697 0.467787027359009 0.694076538085938 0.579891324043274
0 0 0 19.6499996185303 0.467787027359009 0.694076538085938 0.579891324043274
0 0 0 19.7000007629395 0.467787057161331 0.694076597690582 0.579891324043274
0 0 0 19.75 0.467787057161331 0.694076597690582 0.579891264438629
0 0 0 19.7999992370605 0.467787057161331 0.694076597690582 0.579891264438629
0 0 0 19.8500003814697 0.467787057161331 0.694076597690582 0.579891264438629
0 0 0 19.8999996185303 0.467787057161331 0.694076597690582 0.579891264438629
0 0 0 19.9500007629395 0.467787057161331 0.694076597690582 0.579891264438629
0 0 0 20 0.467787086963654 0.694076597690582 0.579891264438629
