0 0 0 0 0.388200014829636 0.607599973678589 0.504440009593964
0 0 0 0.100000001490116 0.388203054666519 0.607599973678589 0.504439890384674
0 0 0 0.200000002980232 0.388205796480179 0.607599973678589 0.504439771175385
0 0 0 0.300000011920929 0.388208240270615 0.607599973678589 0.50443971157074
0 0 0 0.400000005960464 0.388210445642471 0.607599973678589 0.50443971157074
0 0 0 0.5 0.388212412595749 0.607599914073944 0.504439651966095
0 0 0 0.600000023841858 0.388214141130447 0.607599914073944 0.504439651966095
0 0 0 0.699999988079071 0.388215720653534 0.607599914073944 0.50443971157074
0 0 0 0.800000011920929 0.388217091560364 0.607599854469299 0.50443971157074
0 0 0 0.899999976158142 0.388218343257904 0.607599854469299 0.504439771175385
0 0 0 1 0.388219445943832 0.607599854469299 0.504439830780029
0 0 0 1.10000002384186 0.388220459222794 0.607599854469299 0.504439890384674
0 0 0 1.20000004768372 0.388221353292465 0.607599854469299 0.504439949989319
0 0 0 1.29999995231628 0.388222128152847 0.607599854469299 0.504440069198608
0 0 0 1.39999997615814 0.388222843408585 0.607599854469299 0.504440128803253
0 0 0 1.5 0.388223499059677 0.607599854469299 0.504440248012543
0 0 0 1.60000002384186 0.388224065303802 0.607599914073944 0.504440307617188
0 0 0 1.70000004768372 0.388224571943283 0.607599973678589 0.504440426826477
0 0 0 1.79999995231628 0.388225018978119 0.607600033283234 0.504440546035767
0 0 0 1.89999997615814 0.388225436210632 0.607600092887878 0.504440665245056
0 0 0 2 0.388225793838501 0.607600152492523 0.504440784454346
0 0 0 2.09999990463257 0.388226121664047 0.607600271701813 0.504440903663635
0 0 0 2.20000004768372 0.388226389884949 0.607600331306458 0.504441022872925
0 0 0 2.29999995231628 0.38822665810585 0.607600450515747 0.504441142082214
0 0 0 2.40000009536743 0.388226896524429 0.607600569725037 0.504441261291504
0 0 0 2.5 0.388227105140686 0.607600688934326 0.504441380500793
0 0 0 2.59999990463257 0.38822728395462 0.60760086774826 0.504441499710083
0 0 0 2.70000004768372 0.388227432966232 0.60760098695755 0.504441618919373
0 0 0 2.79999995231628 0.388227581977844 0.607601165771484 0.504441797733307
0 0 0 2.90000009536743 0.388227730989456 0.607601344585419 0.504441916942596
0 0 0 3 0.388227850198746 0.607601583003998 0.504442036151886
0 0 0 3.09999990463257 0.388227939605713 0.607601761817932 0.504442155361176
0 0 0 3.20000004768372 0.38822802901268 0.607602000236511 0.504442274570465
0 0 0 3.29999995231628 0.388228118419647 0.607602179050446 0.504442393779755
0 0 0 3.40000009536743 0.388228207826614 0.607602417469025 0.504442512989044
0 0 0 3.5 0.388228267431259 0.607602655887604 0.504442632198334
0 0 0 3.59999990463257 0.388228327035904 0.607602953910828 0.504442751407623
0 0 0 3.70000004768372 0.388228386640549 0.607603192329407 0.504442870616913
0 0 0 3.79999995231628 0.388228416442871 0.607603490352631 0.504442989826202
0 0 0 3.90000009536743 0.388228476047516 0.607603788375854 0.504443109035492
0 0 0 4 0.388228505849838 0.607604086399078 0.504443228244781
0 0 0 4.09999990463257 0.388228535652161 0.607604384422302 0.504443347454071
0 0 0 4.19999980926514 0.388228565454483 0.607604682445526 0.504443466663361
0 0 0 4.30000019073486 0.388228595256805 0.607605040073395 0.504443526268005
0 0 0 4.40000009536743 0.388228625059128 0.607605338096619 0.504443645477295
0 0 0 4.5 0.38822865486145 0.607605695724487 0.504443764686584
0 0 0 4.59999990463257 0.38822865486145 0.607606053352356 0.504443883895874
0 0 0 4.69999980926514 0.388228684663773 0.607606410980225 0.504443943500519
0 0 0 4.80000019073486 0.388228714466095 0.607606768608093 0.504444062709808
0 0 0 4.90000009536743 0.388228714466095 0.607607185840607 0.504444181919098
0 0 0 5 0.388228714466095 0.607607543468475 0.504444241523743
0 0 0 5.09999990463257 0.388228744268417 0.607607960700989 0.504444360733032
0 0 0 5.19999980926514 0.388228744268417 0.607608318328857 0.504444420337677
0 0 0 5.30000019073486 0.388228744268417 0.607608735561371 0.504444479942322
0 0 0 5.40000009536743 0.38822877407074 0.607609152793884 0.504444599151611
0 0 0 5.5 0.38822877407074 0.607609570026398 0.504444658756256
0 0 0 5.59999990463257 0.38822877407074 0.607609987258911 0.504444718360901
0 0 0 5.69999980926514 0.38822877407074 0.607610404491425 0.50444483757019
0 0 0 5.80000019073486 0.388228803873062 0.607610821723938 0.504444897174835
0 0 0 5.90000009536743 0.388228803873062 0.607611298561096 0.50444495677948
0 0 0 6 0.388228803873062 0.60761171579361 0.504445016384125
0 0 0 6.09999990463257 0.388228803873062 0.607612192630768 0.50444507598877
0 0 0 6.19999980926514 0.388228803873062 0.607612609863281 0.504445135593414
0 0 0 6.30000019073486 0.388228803873062 0.607613086700439 0.504445195198059
0 0 0 6.40000009536743 0.388228803873062 0.607613503932953 0.504445254802704
0 0 0 6.5 0.388228803873062 0.607613980770111 0.504445314407349
0 0 0 6.59999990463257 0.388228803873062 0.607614457607269 0.504445314407349
0 0 0 6.69999980926514 0.388228803873062 0.607614934444427 0.504445374011993
0 0 0 6.80000019073486 0.388228803873062 0.607615411281586 0.504445433616638
0 0 0 6.90000009536743 0.388228833675385 0.607615828514099 0.504445433616638
0 0 0 7 0.388228833675385 0.607616305351257 0.504445493221283
0 0 0 7.09999990463257 0.388228833675385 0.607616782188416 0.504445493221283
0 0 0 7.19999980926514 0.388228833675385 0.607617259025574 0.504445552825928
0 0 0 7.30000019073486 0.388228833675385 0.607617735862732 0.504445552825928
0 0 0 7.40000009536743 0.388228833675385 0.60761821269989 0.504445612430573
0 0 0 7.5 0.388228833675385 0.607618689537048 0.504445612430573
0 0 0 7.59999990463257 0.388228833675385 0.607619166374207 0.504445612430573
0 0 0 7.69999980926514 0.388228833675385 0.607619643211365 0.504445612430573
0 0 0 7.80000019073486 0.388228833675385 0.607620060443878 0.504445672035217
0 0 0 7.90000009536743 0.388228833675385 0.607620537281036 0.504445672035217
0 0 0 8 0.388228833675385 0.607621014118195 0.504445672035217
0 0 0 8.10000038146973 0.397163510322571 0.607622981071472 0.504490315914154
0 0 0 8.19999980926514 0.405077904462814 0.607633292675018 0.504617094993591
0 0 0 8.30000019073486 0.412092834711075 0.607659518718719 0.50481641292572
0 0 0 8.39999961853027 0.418313682079315 0.607708215713501 0.505079567432404
0 0 0 8.5 0.423832654953003 0.607785105705261 0.50539892911911
0 0 0 8.60000038146973 0.428730607032776 0.607895195484161 0.505767643451691
0 0 0 8.69999980926514 0.433078706264496 0.608042776584625 0.506179690361023
0 0 0 8.80000019073486 0.436939626932144 0.608231723308563 0.506629586219788
0 0 0 8.89999961853027 0.44036877155304 0.608465254306793 0.507112383842468
0 0 0 9 0.443414837121964 0.608746111392975 0.507623851299286
0 0 0 9.10000038146973 0.446121096611023 0.609076738357544 0.508159995079041
0 0 0 9.19999980926514 0.448525786399841 0.609459042549133 0.508717238903046
0 0 0 9.30000019073486 0.450662761926651 0.609894812107086 0.509292483329773
0 0 0 9.39999961853027 0.452562004327774 0.610385358333588 0.509882867336273
0 0 0 9.5 0.45425009727478 0.610931754112244 0.510485708713531
0 0 0 9.60000038146973 0.455750614404678 0.611534833908081 0.511098802089691
0 0 0 9.69999980926514 0.457084536552429 0.612195253372192 0.511719942092896
0 0 0 9.80000019073486 0.458270370960236 0.612913429737091 0.512347161769867
0 0 0 9.89999961853027 0.4593246281147 0.613689601421356 0.512978792190552
0 0 0 10 0.460261940956116 0.614523768424988 0.513613224029541
0 0 0 10.1000003814697 0.461095333099365 0.615415930747986 0.51424902677536
0 0 0 10.1999998092651 0.461836367845535 0.616365849971771 0.514884769916534
0 0 0 10.3000001907349 0.462495237588882 0.61737322807312 0.515519320964813
0 0 0 10.3999996185303 0.463081121444702 0.618437528610229 0.516151547431946
0 0 0 10.5 0.463602095842361 0.619558215141296 0.516780376434326
0 0 0 10.6000003814697 0.464065343141556 0.620734632015228 0.517404913902283
0 0 0 10.6999998092651 0.464477300643921 0.621966004371643 0.518024265766144
0 0 0 10.8000001907349 0.46484363079071 0.623251557350159 0.518637657165527
0 0 0 10.8999996185303 0.46516939997673 0.624590337276459 0.519244313240051
0 0 0 11 0.465459108352661 0.625981390476227 0.519843459129333
0 0 0 11.1000003814697 0.465716749429703 0.627423644065857 0.520434617996216
0 0 0 11.1999998092651 0.465945869684219 0.628916084766388 0.521017074584961
0 0 0 11.3000001907349 0.466149628162384 0.63045746088028 0.521590292453766
0 0 0 11.3999996185303 0.466330826282501 0.632046580314636 0.522153735160828
0 0 0 11.5 0.466491967439651 0.633682250976563 0.522706985473633
0 0 0 11.6000003814697 0.466635286808014 0.635363101959229 0.523249566555023
0 0 0 11.6999998092651 0.466762721538544 0.637087821960449 0.523781001567841
0 0 0 11.8000001907349 0.466876059770584 0.63885509967804 0.524300992488861
0 0 0 11.8999996185303 0.466976881027222 0.640663385391235 0.524809062480927
0 0 0 12 0.467066526412964 0.642511367797852 0.525304973125458
0 0 0 12.1000003814697 0.467146247625351 0.644397556781769 0.525788307189941
0 0 0 12.1999998092651 0.467217177152634 0.646320402622223 0.526258885860443
0 0 0 12.3000001907349 0.467280238866806 0.648278415203094 0.526716291904449
0 0 0 12.3999996185303 0.467336297035217 0.650269985198975 0.527160406112671
0 0 0 12.5 0.467386186122894 0.652293622493744 0.527590870857239
0 0 0 12.6000003814697 0.46743056178093 0.654347658157349 0.528007566928864
0 0 0 12.6999998092651 0.467469990253448 0.656430602073669 0.528410196304321
0 0 0 12.8000001907349 0.467505097389221 0.658540666103363 0.528798639774323
0 0 0 12.8999996185303 0.467536300420761 0.66067636013031 0.529172658920288
0 0 0 13 0.467564046382904 0.662836015224457 0.529532194137573
0 0 0 13.1000003814697 0.467588722705841 0.665017902851105 0.529877066612244
0 0 0 13.1999998092651 0.467610687017441 0.667220413684845 0.530207097530365
0 0 0 13.3000001907349 0.467630207538605 0.669441819190979 0.530522227287292
0 0 0 13.3999996185303 0.467647552490234 0.671680450439453 0.530822336673737
0 0 0 13.5 0.467662990093231 0.673934698104858 0.531107366085052
0 0 0 13.6000003814697 0.467676728963852 0.676202774047852 0.531377255916595
0 0 0 13.6999998092651 0.467688947916031 0.678483009338379 0.531631946563721
0 0 0 13.8000001907349 0.46769979596138 0.680773794651031 0.531871318817139
0 0 0 13.8999996185303 0.467709481716156 0.683073341846466 0.532095432281494
0 0 0 14 0.467718064785004 0.685380041599274 0.532304227352142
0 0 0 14.1000003814697 0.467725694179535 0.687692165374756 0.532497704029083
0 0 0 14.1999998092651 0.467732489109039 0.690008044242859 0.532675921916962
0 0 0 14.3000001907349 0.467738538980484 0.692326009273529 0.532838821411133
0 0 0 14.3999996185303 0.467743933200836 0.694644451141357 0.532986462116241
0 0 0 14.5 0.467748701572418 0.69696170091629 0.533118903636932
0 0 0 14.6000003814697 0.46775296330452 0.699276089668274 0.533236145973206
0 0 0 14.6999998092651 0.467756748199463 0.701586067676544 0.533338308334351
0 0 0 14.8000001907349 0.46776008605957 0.703889966011047 0.533425509929657
0 0 0 14.8999996185303 0.467763096094131 0.706186234951019 0.53349769115448
0 0 0 15 0.467765748500824 0.708473265171051 0.533555090427399
0 0 0 15.1000003814697 0.467768102884293 0.710749566555023 0.533597767353058
0 0 0 15.1999998092651 0.467770218849182 0.713013529777527 0.533625841140747
0 0 0 15.3000001907349 0.467772096395493 0.715263724327087 0.533639371395111
0 0 0 15.3999996185303 0.467773765325546 0.717498600482941 0.533638596534729
0 0 0 15.5 0.467775225639343 0.719716727733612 0.53362363576889
0 0 0 15.6000003814697 0.467776536941528 0.721916675567627 0.53359466791153
0 0 0 15.6999998092651 0.467777729034424 0.724097013473511 0.533551752567291
0 0 0 15.8000001907349 0.467778772115707 0.726256370544434 0.533495187759399
0 0 0 15.8999996185303 0.467779695987701 0.72839343547821 0.533425092697144
0 0 0 16 0.467780500650406 0.730506837368011 0.533341705799103
0 0 0 16.1000003814697 0.467781245708466 0.732595264911652 0.533245205879211
0 0 0 16.2000007629395 0.467781901359558 0.734657526016235 0.533135771751404
0 0 0 16.2999992370605 0.467782467603683 0.736692428588867 0.533013641834259
0 0 0 16.3999996185303 0.467783004045486 0.738698661327362 0.532878994941711
0 0 0 16.5 0.467783451080322 0.740675151348114 0.532732129096985
0 0 0 16.6000003814697 0.467783868312836 0.742620825767517 0.532573282718658
0 0 0 16.7000007629395 0.467784225940704 0.744534492492676 0.532402694225311
0 0 0 16.7999992370605 0.467784553766251 0.746415257453918 0.532220542430878
0 0 0 16.8999996185303 0.467784821987152 0.748261988162994 0.532027184963226
0 0 0 17 0.467785090208054 0.750073850154877 0.531822800636292
0 0 0 17.1000003814697 0.46778529882431 0.751849830150604 0.531607687473297
0 0 0 17.2000007629395 0.467785507440567 0.75358909368515 0.531382143497467
0 0 0 17.2999992370605 0.467785686254501 0.755290806293488 0.53114640712738
0 0 0 17.3999996185303 0.467785865068436 0.756954193115234 0.530900776386261
0 0 0 17.5 0.467785984277725 0.758578479290009 0.530645489692688
0 0 0 17.6000003814697 0.467786133289337 0.760163009166718 0.53038090467453
0 0 0 17.7000007629395 0.467786222696304 0.761707067489624 0.530107319355011
0 0 0 17.7999992370605 0.467786341905594 0.76321005821228 0.52982497215271
0 0 0 17.8999996185303 0.467786431312561 0.764671444892883 0.529534161090851
0 0 0 18 0.467786490917206 0.76609069108963 0.529235243797302
0 0 0 18.1000003814697 0.467786580324173 0.767467260360718 0.528928458690643
0 0 0 18.2000007629395 0.467786639928818 0.768800735473633 0.528614163398743
0 0 0 18.2999992370605 0.467786699533463 0.770090758800507 0.528292655944824
0 0 0 18.3999996185303 0.467786729335785 0.77133697271347 0.527964234352112
0 0 0 18.5 0.46778678894043 0.772539019584656 0.527629196643829
0 0 0 18.6000003814697 0.467786818742752 0.773696660995483 0.527287840843201
0 0 0 18.7000007629395 0.467786848545074 0.774809718132019 0.526940524578094
0 0 0 18.7999992370605 0.467786878347397 0.775877952575684 0.52658748626709
0 0 0 18.8999996185303 0.467786908149719 0.776901245117188 0.526229083538055
0 0 0 19 0.467786937952042 0.777879476547241 0.52586567401886
0 0 0 19.1000003814697 0.467786967754364 0.778812646865845 0.525497436523438
0 0 0 19.2000007629395 0.467786967754364 0.779700636863708 0.525124847888947
0 0 0 19.2999992370605 0.467786997556686 0.780543506145477 0.524748027324677
0 0 0 19.3999996185303 0.467786997556686 0.781341373920441 0.524367451667786
0 0 0 19.5 0.467787027359009 0.782094240188599 0.523983299732208
0 0 0 19.6000003814697 0.467787027359009 0.78280234336853 0.523595929145813
0 0 0 19.7000007629395 0.467787057161331 0.783465683460236 0.523205637931824
0 0 0 19.7999992370605 0.467787057161331 0.784084558486938 0.52281266450882
0 0 0 19.8999996185303 0.467787057161331 0.784659206867218 0.522417426109314
0 0 0 20 0.467787086963654 0.785189867019653 0.522020101547241
0 0 0 20.1000003814697 0.467787086963654 0.785676836967468 0.52162104845047
0 0 0 20.2000007629395 0.467787086963654 0.786120355129242 0.521220505237579
0 0 0 20.2999992370605 0.467787086963654 0.786520838737488 0.520818710327148
0 0 0 20.3999996185303 0.467787086963654 0.786878705024719 0.520416080951691
0 0 0 20.5 0.467787086963654 0.78719425201416 0.52001279592514
0 0 0 20.6000003814697 0.467787116765976 0.787467956542969 0.519609093666077
0 0 0 20.7000007629395 0.467787116765976 0.787700235843658 0.519205331802368
0 0 0 20.7999992370605 0.467787116765976 0.787891566753387 0.518801748752594
0 0 0 20.8999996185303 0.467787116765976 0.788042426109314 0.518398523330688
0 0 0 21 0.467787116765976 0.788153350353241 0.51799601316452
0 0 0 21.1000003814697 0.467787116765976 0.788224816322327 0.517594456672668
0 0 0 21.2000007629395 0.467787116765976 0.788257479667664 0.517194032669067
0 0 0 21.2999992370605 0.467787116765976 0.788251757621765 0.516794979572296
0 0 0 21.3999996185303 0.467787116765976 0.788208305835724 0.516397655010223
0 0 0 21.5 0.467787116765976 0.788127660751343 0.516002118587494
0 0 0 21.6000003814697 0.467787116765976 0.788010537624359 0.515608727931976
0 0 0 21.7000007629395 0.467787116765976 0.787857413291931 0.515217661857605
0 0 0 21.7999992370605 0.467787116765976 0.787669003009796 0.514829158782959
0 0 0 21.8999996185303 0.467787116765976 0.787445902824402 0.514443397521973
0 0 0 22 0.467787116765976 0.787188827991486 0.51406055688858
0 0 0 22.1000003814697 0.467787116765976 0.786898374557495 0.513680934906006
0 0 0 22.2000007629395 0.467787116765976 0.786575198173523 0.513304591178894
0 0 0 22.2999992370605 0.467787116765976 0.786220014095306 0.512931883335114
0 0 0 22.3999996185303 0.467787116765976 0.785833477973938 0.512562811374664
0 0 0 22.5 0.467787116765976 0.785416305065155 0.512197732925415
0 0 0 22.6000003814697 0.467787116765976 0.78496915102005 0.51183670759201
0 0 0 22.7000007629395 0.467787116765976 0.78449273109436 0.51147997379303
0 0 0 22.7999992370605 0.467787116765976 0.783987760543823 0.511127591133118
0 0 0 22.8999996185303 0.467787116765976 0.783454954624176 0.510779857635498
0 0 0 23 0.467787116765976 0.782894968986511 0.510436832904816
0 0 0 23.1000003814697 0.467787146568298 0.782308578491211 0.510098695755005
0 0 0 23.2000007629395 0.467787146568298 0.781696498394012 0.509765625
0 0 0 23.2999992370605 0.467787146568298 0.781059384346008 0.509437739849091
0 0 0 23.3999996185303 0.467787146568298 0.780398011207581 0.509115099906921
0 0 0 23.5 0.467787146568298 0.779713094234467 0.508797943592072
0 0 0 23.6000003814697 0.467787146568298 0.779005289077759 0.508486330509186
0 0 0 23.7000007629395 0.467787146568298 0.778275430202484 0.508180379867554
0 0 0 23.7999992370605 0.467787146568298 0.77752411365509 0.507880210876465
0 0 0 23.8999996185303 0.467787146568298 0.776752173900604 0.507585942745209
0 0 0 24 0.467787146568298 0.775960266590118 0.50729775428772
0 0 0 24.1000003814697 0.467787146568298 0.775149166584015 0.507015585899353
0 0 0 24.2000007629395 0.467787146568298 0.774319529533386 0.506739675998688
0 0 0 24.2999992370605 0.467787146568298 0.77347207069397 0.506469964981079
0 0 0 24.3999996185303 0.467787146568298 0.772607564926147 0.506206691265106
0 0 0 24.5 0.467787146568298 0.771726727485657 0.505949854850769
0 0 0 24.6000003814697 0.467787146568298 0.77083021402359 0.505699574947357
0 0 0 24.7000007629395 0.467787146568298 0.769918739795685 0.505455851554871
0 0 0 24.7999992370605 0.467787146568298 0.768993079662323 0.505218803882599
0 0 0 24.8999996185303 0.467787146568298 0.768053889274597 0.504988431930542
0 0 0 25 0.467787146568298 0.767101883888245 0.50476485490799
0 0 0 25.1000003814697 0.467787146568298 0.766137719154358 0.504548132419586
0 0 0 25.2000007629395 0.467787146568298 0.765162169933319 0.504338264465332
0 0 0 25.2999992370605 0.467787146568298 0.764175891876221 0.504135310649872
0 0 0 25.3999996185303 0.467787146568298 0.7631796002388 0.503939270973206
0 0 0 25.5 0.467787146568298 0.762173891067505 0.503750264644623
0 0 0 25.6000003814697 0.467787146568298 0.761159539222717 0.503568232059479
0 0 0 25.7000007629395 0.467787146568298 0.76013720035553 0.503393292427063
0 0 0 25.7999992370605 0.467787146568298 0.759107530117035 0.503225386142731
0 0 0 25.8999996185303 0.467787146568298 0.75807124376297 0.503064572811127
0 0 0 26 0.467787146568298 0.757028937339783 0.502910792827606
0 0 0 26.1000003814697 0.467787146568298 0.75598132610321 0.502764165401459
0 0 0 26.2000007629395 0.467787146568298 0.754929006099701 0.502624571323395
0 0 0 26.2999992370605 0.467787146568298 0.753872692584991 0.502492129802704
0 0 0 26.3999996185303 0.467787146568298 0.75281298160553 0.502366781234741
0 0 0 26.5 0.467787146568298 0.751750588417053 0.502248466014862
0 0 0 26.6000003814697 0.467787146568298 0.750686049461365 0.502137303352356
0 0 0 26.7000007629395 0.467787146568298 0.749620020389557 0.502033114433289
0 0 0 26.7999992370605 0.467787146568298 0.748553156852722 0.501936018466949
0 0 0 26.8999996185303 0.467787146568298 0.747486054897308 0.501845896244049
0 0 0 27 0.467787146568298 0.746419310569763 0.501762807369232
0 0 0 27.1000003814697 0.467787146568298 0.745353579521179 0.501686632633209
0 0 0 27.2000007629395 0.467787146568298 0.744289338588715 0.501617431640625
0 0 0 27.2999992370605 0.467787146568298 0.743227303028107 0.50155508518219
0 0 0 27.3999996185303 0.467787146568298 0.742168009281158 0.501499593257904
0 0 0 27.5 0.467787146568298 0.741112053394318 0.501450896263123
0 0 0 27.6000003814697 0.467787146568298 0.740059912204742 0.501408934593201
0 0 0 27.7000007629395 0.467787146568298 0.739012241363525 0.501373708248138
0 0 0 27.7999992370605 0.467787146568298 0.737969577312469 0.501345098018646
0 0 0 27.8999996185303 0.467787146568298 0.736932456493378 0.501323103904724
0 0 0 28 0.467787146568298 0.735901415348053 0.501307606697083
0 0 0 28.1000003814697 0.467787146568298 0.734876930713654 0.501298606395721
0 0 0 28.2000007629395 0.467787146568298 0.733859598636627 0.501295983791351
0 0 0 28.2999992370605 0.467787146568298 0.732849895954132 0.501299679279327
0 0 0 28.3999996185303 0.467787146568298 0.731848359107971 0.501309633255005
0 0 0 28.5 0.467787146568298 0.730855405330658 0.501325845718384
0 0 0 28.6000003814697 0.467787146568298 0.72987163066864 0.501348078250885
0 0 0 28.7000007629395 0.467787146568298 0.728897392749786 0.501376390457153
0 0 0 28.7999992370605 0.467787146568298 0.727933168411255 0.501410603523254
0 0 0 28.8999996185303 0.467787146568298 0.726979494094849 0.501450717449188
0 0 0 29 0.467787146568298 0.726036787033081 0.501496613025665
0 0 0 29.1000003814697 0.467787146568298 0.725105464458466 0.501548111438751
0 0 0 29.2000007629395 0.467787146568298 0.72418600320816 0.501605272293091
0 0 0 29.2999992370605 0.467787146568298 0.723278701305389 0.50166791677475
0 0 0 29.3999996185303 0.467787146568298 0.722384095191956 0.501735925674438
0 0 0 29.5 0.467787146568298 0.721502542495728 0.501809298992157
0 0 0 29.6000003814697 0.467787146568298 0.720634341239929 0.501887798309326
0 0 0 29.7000007629395 0.467787146568298 0.719779968261719 0.501971423625946
0 0 0 29.7999992370605 0.467787146568298 0.718939781188965 0.502060055732727
0 0 0 29.8999996185303 0.467787146568298 0.718114078044891 0.50215357542038
0 0 0 30 0.467787146568298 0.717303276062012 0.502251863479614
0 0 0 30.1000003814697 0.467787146568298 0.716507613658905 0.502354800701141
0 0 0 30.2000007629395 0.467787146568298 0.715727508068085 0.502462327480316
0 0 0 30.2999992370605 0.467787146568298 0.71496319770813 0.502574265003204
0 0 0 30.3999996185303 0.467787146568298 0.714214980602264 0.502690553665161
0 0 0 30.5 0.467787146568298 0.713483154773712 0.502811074256897
0 0 0 30.6000003814697 0.467787146568298 0.712768018245697 0.502935647964478
0 0 0 30.7000007629395 0.467787146568298 0.712069809436798 0.503064215183258
0 0 0 30.7999992370605 0.467787146568298 0.711388766765594 0.503196656703949
0 0 0 30.8999996185303 0.467787146568298 0.71072518825531 0.503332793712616
0 0 0 31 0.467787146568298 0.710079252719879 0.503472566604614
0 0 0 31.1000003814697 0.467787146568298 0.709451138973236 0.503615856170654
0 0 0 31.2000007629395 0.467787146568298 0.70884108543396 0.503762483596802
0 0 0 31.2999992370605 0.467787146568298 0.70824933052063 0.503912389278412
0 0 0 31.3999996185303 0.467787146568298 0.707675993442535 0.50406539440155
0 0 0 31.5 0.467787146568298 0.707121253013611 0.504221379756927
0 0 0 31.6000003814697 0.467787146568298 0.706585228443146 0.504380285739899
0 0 0 31.7000007629395 0.467787146568298 0.706068158149719 0.504541873931885
0 0 0 31.7999992370605 0.467787146568298 0.705570101737976 0.504706144332886
0 0 0 31.8999996185303 0.467787146568298 0.705091178417206 0.504872858524323
0 0 0 32 0.467787146568298 0.704631507396698 0.505041897296906
0 0 0 32.0999984741211 0.467787146568298 0.704191148281097 0.505213260650635
0 0 0 32.2000007629395 0.467787146568298 0.703770220279694 0.505386650562286
0 0 0 32.2999992370605 0.467787146568298 0.703368782997131 0.50556206703186
0 0 0 32.4000015258789 0.467787146568298 0.7029869556427 0.505739331245422
0 0 0 32.5 0.467787146568298 0.702624678611755 0.505918264389038
0 0 0 32.5999984741211 0.467787146568298 0.702282011508942 0.506098806858063
0 0 0 32.7000007629395 0.467787146568298 0.701959013938904 0.506280839443207
0 0 0 32.7999992370605 0.467787146568298 0.701655626296997 0.506464242935181
0 0 0 32.9000015258789 0.467787146568298 0.701371967792511 0.506648778915405
0 0 0 33 0.467787146568298 0.701107919216156 0.506834447383881
0 0 0 33.0999984741211 0.467787146568298 0.700863480567932 0.507021069526672
0 0 0 33.2000007629395 0.467787146568298 0.700638592243195 0.507208526134491
0 0 0 33.2999992370605 0.467787146568298 0.700433254241943 0.507396697998047
0 0 0 33.4000015258789 0.467787146568298 0.700247406959534 0.507585406303406
0 0 0 33.5 0.467787146568298 0.700080931186676 0.507774651050568
0 0 0 33.5999984741211 0.467787146568298 0.699933767318726 0.507964193820953
0 0 0 33.7000007629395 0.467787146568298 0.699805796146393 0.508153915405273
0 0 0 33.7999992370605 0.467787146568298 0.699697017669678 0.508343815803528
0 0 0 33.9000015258789 0.467787146568298 0.699607133865356 0.508533656597137
0 0 0 34 0.467787146568298 0.699536204338074 0.508723318576813
0 0 0 34.0999984741211 0.467787146568298 0.69948399066925 0.508912801742554
0 0 0 34.2000007629395 0.467787146568298 0.699450314044952 0.509101867675781
0 0 0 34.2999992370605 0.467787146568298 0.699435114860535 0.509290456771851
0 0 0 34.4000015258789 0.467787146568298 0.699438154697418 0.509478390216827
0 0 0 34.5 0.467787146568298 0.699459314346313 0.509665668010712
0 0 0 34.5999984741211 0.467787146568298 0.699498295783997 0.509852111339569
0 0 0 34.7000007629395 0.467787146568298 0.699555039405823 0.510037660598755
0 0 0 34.7999992370605 0.467787146568298 0.699629247188568 0.510222136974335
0 0 0 34.9000015258789 0.467787146568298 0.699720740318298 0.510405421257019
0 0 0 35 0.467787146568298 0.699829280376434 0.510587513446808
0 0 0 35.0999984741211 0.467787146568298 0.699954688549042 0.510768234729767
0 0 0 35.2000007629395 0.467787146568298 0.700096607208252 0.510947525501251
0 0 0 35.2999992370605 0.467787146568298 0.700254857540131 0.511125266551971
0 0 0 35.4000015258789 0.467787146568298 0.700429201126099 0.511301338672638
0 0 0 35.5 0.467787146568298 0.700619399547577 0.511475682258606
0 0 0 35.5999984741211 0.467787146568298 0.700825035572052 0.511648237705231
0 0 0 35.7000007629395 0.467787146568298 0.701045989990234 0.511818826198578
0 0 0 35.7999992370605 0.467787146568298 0.701281845569611 0.511987388134003
0 0 0 35.9000015258789 0.467787146568298 0.701532423496246 0.51215386390686
0 0 0 36 0.467787146568298 0.701797306537628 0.512318193912506
0 0 0 36.0999984741211 0.467787146568298 0.702076256275177 0.512480199337006
0 0 0 36.2000007629395 0.467787146568298 0.702368974685669 0.512639880180359
0 0 0 36.2999992370605 0.467787146568298 0.702675104141235 0.512797176837921
0 0 0 36.4000015258789 0.467787146568298 0.702994287014008 0.512951910495758
0 0 0 36.5 0.467787146568298 0.703326225280762 0.513104140758514
0 0 0 36.5999984741211 0.467787146568298 0.703670620918274 0.513253688812256
0 0 0 36.7000007629395 0.467787146568298 0.704027116298676 0.513400495052338
0 0 0 36.7999992370605 0.467787146568298 0.704395294189453 0.51354455947876
0 0 0 36.9000015258789 0.467787146568298 0.704774856567383 0.513685822486877
0 0 0 37 0.467787146568298 0.705165386199951 0.513824105262756
0 0 0 37.0999984741211 0.467787146568298 0.705566644668579 0.513959467411041
0 0 0 37.2000007629395 0.467787146568298 0.705978155136108 0.514091849327087
0 0 0 37.2999992370605 0.467787146568298 0.706399619579315 0.514221131801605
0 0 0 37.4000015258789 0.467787146568298 0.706830680370331 0.51434725522995
0 0 0 37.5 0.467787146568298 0.707270860671997 0.514470279216766
0 0 0 37.5999984741211 0.467787146568298 0.70771986246109 0.51459002494812
0 0 0 37.7000007629395 0.467787146568298 0.708177328109741 0.514706552028656
0 0 0 37.7999992370605 0.467787146568298 0.708642840385437 0.514819741249084
0 0 0 37.9000015258789 0.467787146568298 0.709115982055664 0.514929592609406
0 0 0 38 0.467787146568298 0.709596455097198 0.515036106109619
0 0 0 38.0999984741211 0.467787146568298 0.710083782672882 0.515139162540436
0 0 0 38.2000007629395 0.467787146568298 0.710577666759491 0.5152388215065
0 0 0 38.2999992370605 0.467787146568298 0.711077630519867 0.515334963798523
0 0 0 38.4000015258789 0.467787146568298 0.711583375930786 0.515427649021149
0 0 0 38.5 0.467787146568298 0.712094485759735 0.515516817569733
0 0 0 38.5999984741211 0.467787146568298 0.7126105427742 0.51560240983963
0 0 0 38.7000007629395 0.467787146568298 0.713131189346313 0.515684485435486
0 0 0 38.7999992370605 0.467787146568298 0.713656008243561 0.51576292514801
0 0 0 38.9000015258789 0.467787146568298 0.714184641838074 0.515837848186493
0 0 0 39 0.467787146568298 0.714716732501984 0.515909135341644
0 0 0 39.0999984741211 0.467787146568298 0.715251863002777 0.515976786613464
0 0 0 39.2000007629395 0.467787146568298 0.715789675712585 0.516040861606598
0 0 0 39.2999992370605 0.467787146568298 0.716329753398895 0.5161013007164
0 0 0 39.4000015258789 0.467787146568298 0.716871738433838 0.516158163547516
0 0 0 39.5 0.467787146568298 0.717415273189545 0.5162113904953
0 0 0 39.5999984741211 0.467787146568298 0.717960000038147 0.516260981559753
0 0 0 39.7000007629395 0.467787146568298 0.718505501747131 0.51630699634552
0 0 0 39.7999992370605 0.467787146568298 0.719051480293274 0.516349375247955
0 0 0 39.9000015258789 0.467787146568298 0.719597518444061 0.516388177871704
0 0 0 40 0.467787146568298 0.720143258571625 0.516423404216766
0 0 0 40.0999984741211 0.467787146568298 0.720688343048096 0.516455054283142
0 0 0 40.2000007629395 0.467787146568298 0.72123247385025 0.516483187675476
0 0 0 40.2999992370605 0.467787146568298 0.72177529335022 0.516507804393768
0 0 0 40.4000015258789 0.467787146568298 0.722316384315491 0.516528904438019
0 0 0 40.5 0.467787146568298 0.722855508327484 0.516546547412872
0 0 0 40.5999984741211 0.467787146568298 0.723392307758331 0.516560673713684
0 0 0 40.7000007629395 0.467787146568298 0.723926424980164 0.516571462154388
0 0 0 40.7999992370605 0.467787146568298 0.724457561969757 0.516578793525696
0 0 0 40.9000015258789 0.467787146568298 0.724985420703888 0.516582727432251
0 0 0 41 0.467787146568298 0.725509643554688 0.516583383083344
0 0 0 41.0999984741211 0.467787146568298 0.726029932498932 0.516580760478973
0 0 0 41.2000007629395 0.467787146568298 0.726546049118042 0.516574859619141
0 0 0 41.2999992370605 0.467787146568298 0.727057635784149 0.51656574010849
0 0 0 41.4000015258789 0.467787146568298 0.727564454078674 0.516553401947021
0 0 0 41.5 0.467787146568298 0.728066205978394 0.516537964344025
0 0 0 41.5999984741211 0.467787146568298 0.728562593460083 0.5165194272995
0 0 0 41.7000007629395 0.467787146568298 0.729053378105164 0.516497790813446
0 0 0 41.7999992370605 0.467787146568298 0.729538321495056 0.516473233699799
0 0 0 41.9000015258789 0.467787146568298 0.730017125606537 0.516445696353912
0 0 0 42 0.467787146568298 0.730489552021027 0.516415238380432
0 0 0 42.0999984741211 0.467787146568298 0.730955421924591 0.516381919384003
0 0 0 42.2000007629395 0.467787146568298 0.731414437294006 0.516345798969269
0 0 0 42.2999992370605 0.467787146568298 0.731866359710693 0.516306936740875
0 0 0 42.4000015258789 0.467787146568298 0.732311010360718 0.516265392303467
0 0 0 42.5 0.467787146568298 0.732748210430145 0.516221225261688
0 0 0 42.5999984741211 0.467787146568298 0.733177721500397 0.516174495220184
0 0 0 42.7000007629395 0.467787146568298 0.733599364757538 0.516125202178955
0 0 0 42.7999992370605 0.467787146568298 0.73401290178299 0.51607346534729
0 0 0 42.9000015258789 0.467787146568298 0.734418213367462 0.516019344329834
0 0 0 43 0.467787146568298 0.734815061092377 0.515962839126587
0 0 0 43.0999984741211 0.467787146568298 0.735203385353088 0.515904068946838
0 0 0 43.2000007629395 0.467787146568298 0.735582947731018 0.515843093395233
0 0 0 43.2999992370605 0.467787146568298 0.735953629016876 0.515779972076416
0 0 0 43.4000015258789 0.467787146568298 0.736315310001373 0.515714764595032
0 0 0 43.5 0.467787146568298 0.736667811870575 0.515647530555725
0 0 0 43.5999984741211 0.467787146568298 0.737011015415192 0.515578329563141
0 0 0 43.7000007629395 0.467787146568298 0.737344801425934 0.515507280826569
0 0 0 43.7999992370605 0.467787146568298 0.737669110298157 0.515434384346008
0 0 0 43.9000015258789 0.467787146568298 0.737983763217926 0.515359699726105
0 0 0 44 0.467787146568298 0.738288760185242 0.515283346176147
0 0 0 44.0999984741211 0.467787146568298 0.738583922386169 0.515205383300781
0 0 0 44.2000007629395 0.467787146568298 0.738869249820709 0.515125870704651
0 0 0 44.2999992370605 0.467787146568298 0.739144623279572 0.515044808387756
0 0 0 44.4000015258789 0.467787146568298 0.739409923553467 0.514962375164032
0 0 0 44.5 0.467787146568298 0.73966521024704 0.514878630638123
0 0 0 44.5999984741211 0.467787146568298 0.739910364151001 0.514793574810028
0 0 0 44.7000007629395 0.467787146568298 0.74014538526535 0.514707267284393
0 0 0 44.7999992370605 0.467787146568298 0.740370213985443 0.514619886875153
0 0 0 44.9000015258789 0.467787146568298 0.740584790706635 0.514531373977661
0 0 0 45 0.467787146568298 0.740789175033569 0.514441907405853
0 0 0 45.0999984741211 0.467787146568298 0.740983247756958 0.514351427555084
0 0 0 45.2000007629395 0.467787146568298 0.741167068481445 0.514260113239288
0 0 0 45.2999992370605 0.467787146568298 0.741340696811676 0.51416802406311
0 0 0 45.4000015258789 0.467787146568298 0.741504013538361 0.514075219631195
0 0 0 45.5 0.467787146568298 0.741657078266144 0.513981699943542
0 0 0 45.5999984741211 0.467787146568298 0.74179995059967 0.513887584209442
0 0 0 45.7000007629395 0.467787146568298 0.74193263053894 0.513792932033539
0 0 0 45.7999992370605 0.467787146568298 0.742055177688599 0.513697803020477
0 0 0 45.9000015258789 0.467787146568298 0.742167532444 0.513602316379547
0 0 0 46 0.467787146568298 0.74226987361908 0.513506472110748
0 0 0 46.0999984741211 0.467787146568298 0.742362141609192 0.513410329818726
0 0 0 46.2000007629395 0.467787146568298 0.742444515228271 0.513314008712769
0 0 0 46.2999992370605 0.467787146568298 0.742516934871674 0.513217568397522
0 0 0 46.4000015258789 0.467787146568298 0.742579519748688 0.513121008872986
0 0 0 46.5 0.467787146568298 0.742632329463959 0.513024389743805
0 0 0 46.5999984741211 0.467787146568298 0.742675483226776 0.512927889823914
0 0 0 46.7000007629395 0.467787146568298 0.742709040641785 0.512831449508667
0 0 0 46.7999992370605 0.467787146568298 0.742733120918274 0.512735188007355
0 0 0 46.9000015258789 0.467787146568298 0.742747724056244 0.512639105319977
0 0 0 47 0.467787146568298 0.742753088474274 0.512543380260468
0 0 0 47.0999984741211 0.467787146568298 0.742749154567719 0.512447953224182
0 0 0 47.2000007629395 0.467787146568298 0.742736220359802 0.512352883815765
0 0 0 47.2999992370605 0.467787146568298 0.74271422624588 0.512258291244507
0 0 0 47.4000015258789 0.467787146568298 0.742683410644531 0.512164235115051
0 0 0 47.5 0.467787146568298 0.742643773555756 0.512070655822754
0 0 0 47.5999984741211 0.467787146568298 0.742595613002777 0.511977791786194
0 0 0 47.7000007629395 0.467787146568298 0.742538869380951 0.511885523796082
0 0 0 47.7999992370605 0.467787146568298 0.742473840713501 0.511793971061707
0 0 0 47.9000015258789 0.467787146568298 0.742400527000427 0.511703193187714
0 0 0 48 0.467787146568298 0.742319166660309 0.511613190174103
0 0 0 48.0999984741211 0.467787146568298 0.742229878902435 0.511524081230164
0 0 0 48.2000007629395 0.467787146568298 0.742132842540741 0.511435866355896
0 0 0 48.2999992370605 0.467787146568298 0.742028117179871 0.511348605155945
0 0 0 48.4000015258789 0.467787146568298 0.741915881633759 0.51126229763031
0 0 0 48.5 0.467787146568298 0.741796374320984 0.511177062988281
0 0 0 48.5999984741211 0.467787146568298 0.741669654846191 0.511092901229858
0 0 0 48.7000007629395 0.467787146568298 0.741535902023315 0.511009871959686
0 0 0 48.7999992370605 0.467787146568298 0.741395354270935 0.510927975177765
0 0 0 48.9000015258789 0.467787146568298 0.74124813079834 0.510847270488739
0 0 0 49 0.467787146568298 0.741094350814819 0.510767817497253
0 0 0 49.0999984741211 0.467787146568298 0.740934252738953 0.510689616203308
0 0 0 49.2000007629395 0.467787146568298 0.740768015384674 0.510612785816193
0 0 0 49.2999992370605 0.467787146568298 0.740595757961273 0.510537207126617
0 0 0 49.4000015258789 0.467787146568298 0.740417659282684 0.510463058948517
0 0 0 49.5 0.467787146568298 0.740233957767487 0.510390281677246
0 0 0 49.5999984741211 0.467787146568298 0.740044772624969 0.51031893491745
0 0 0 49.7000007629395 0.467787146568298 0.739850282669067 0.510249018669128
0 0 0 49.7999992370605 0.467787146568298 0.739650666713715 0.510180652141571
0 0 0 49.9000015258789 0.467787146568298 0.73944616317749 0.510113716125488
0 0 0 50 0.467787146568298 0.739236950874329 0.510048389434814
0 0 0 50.0999984741211 0.467787146568298 0.739023089408875 0.509984612464905
0 0 0 50.2000007629395 0.467787146568298 0.738804936408997 0.509922385215759
0 0 0 50.2999992370605 0.467787146568298 0.73858255147934 0.509861767292023
0 0 0 50.4000015258789 0.467787146568298 0.738356173038483 0.50980281829834
0 0 0 50.5 0.467787146568298 0.73812597990036 0.509745478630066
0 0 0 50.5999984741211 0.467787146568298 0.737892150878906 0.509689807891846
0 0 0 50.7000007629395 0.467787146568298 0.737654864788055 0.509635806083679
0 0 0 50.7999992370605 0.467787146568298 0.737414300441742 0.509583473205566
0 0 0 50.9000015258789 0.467787146568298 0.737170696258545 0.509532868862152
0 0 0 51 0.467787146568298 0.736924171447754 0.509483993053436
0 0 0 51.0999984741211 0.467787146568298 0.736674904823303 0.509436845779419
0 0 0 51.2000007629395 0.467787146568298 0.736423134803772 0.5093914270401
0 0 0 51.2999992370605 0.467787146568298 0.736169040203094 0.509347796440125
0 0 0 51.4000015258789 0.467787146568298 0.735912799835205 0.509305894374847
0 0 0 51.5 0.467787146568298 0.735654532909393 0.509265720844269
0 0 0 51.5999984741211 0.467787146568298 0.735394537448883 0.509227335453033
0 0 0 51.7000007629395 0.467787146568298 0.735132873058319 0.509190738201141
0 0 0 51.7999992370605 0.467787146568298 0.734869778156281 0.509155929088593
0 0 0 51.9000015258789 0.467787146568298 0.734605431556702 0.509122848510742
0 0 0 52 0.467787146568298 0.734340012073517 0.50909161567688
0 0 0 52.0999984741211 0.467787146568298 0.734073638916016 0.509062111377716
0 0 0 52.2000007629395 0.467787146568298 0.733806610107422 0.509034395217896
0 0 0 52.2999992370605 0.467787146568298 0.733538925647736 0.509008467197418
0 0 0 52.4000015258789 0.467787146568298 0.733270943164825 0.508984267711639
0 0 0 52.5 0.467787146568298 0.733002722263336 0.508961856365204
0 0 0 52.5999984741211 0.467787146568298 0.732734382152557 0.508941233158112
0 0 0 52.7000007629395 0.467787146568298 0.732466220855713 0.508922338485718
0 0 0 52.7999992370605 0.467787146568298 0.732198357582092 0.508905231952667
0 0 0 52.9000015258789 0.467787146568298 0.73193085193634 0.508889853954315
0 0 0 53 0.467787146568298 0.731664001941681 0.508876204490662
0 0 0 53.0999984741211 0.467787146568298 0.731397926807404 0.508864223957062
0 0 0 53.2000007629395 0.467787146568298 0.731132745742798 0.50885397195816
0 0 0 53.2999992370605 0.467787146568298 0.730868637561798 0.508845448493958
0 0 0 53.4000015258789 0.467787146568298 0.730605721473694 0.508838593959808
0 0 0 53.5 0.467787146568298 0.730344176292419 0.508833408355713
0 0 0 53.5999984741211 0.467787146568298 0.730084180831909 0.508829891681671
0 0 0 53.7000007629395 0.467787146568298 0.729825854301453 0.508827984333038
0 0 0 53.7999992370605 0.467787146568298 0.729569256305695 0.508827745914459
0 0 0 53.9000015258789 0.467787146568298 0.729314684867859 0.508829057216644
0 0 0 54 0.467787146568298 0.729062139987946 0.508831977844238
0 0 0 54.0999984741211 0.467787146568298 0.728811800479889 0.508836448192596
0 0 0 54.2000007629395 0.467787146568298 0.728563785552979 0.508842468261719
0 0 0 54.2999992370605 0.467787146568298 0.728318274021149 0.508850038051605
0 0 0 54.4000015258789 0.467787146568298 0.728075325489044 0.508859097957611
0 0 0 54.5 0.467787146568298 0.727835118770599 0.508869647979736
0 0 0 54.5999984741211 0.467787146568298 0.727597713470459 0.508881628513336
0 0 0 54.7000007629395 0.467787146568298 0.727363288402557 0.508895099163055
0 0 0 54.7999992370605 0.467787146568298 0.727131903171539 0.508909940719604
0 0 0 54.9000015258789 0.467787146568298 0.726903676986694 0.508926212787628
0 0 0 55 0.467787146568298 0.726678788661957 0.508943796157837
0 0 0 55.0999984741211 0.467787146568298 0.726457238197327 0.508962750434875
0 0 0 55.2000007629395 0.467787146568298 0.726239204406738 0.508983016014099
0 0 0 55.2999992370605 0.467787146568298 0.726024746894836 0.509004592895508
0 0 0 55.4000015258789 0.467787146568298 0.725813925266266 0.509027361869812
0 0 0 55.5 0.467787146568298 0.725606918334961 0.509051442146301
0 0 0 55.5999984741211 0.467787146568298 0.725403726100922 0.509076654911041
0 0 0 55.7000007629395 0.467787146568298 0.725204527378082 0.509103059768677
0 0 0 55.7999992370605 0.467787146568298 0.725009322166443 0.509130597114563
0 0 0 55.9000015258789 0.467787146568298 0.724818229675293 0.509159326553345
0 0 0 56 0.467787146568298 0.724631309509277 0.509189069271088
0 0 0 56.0999984741211 0.467787146568298 0.724448680877686 0.509219884872437
0 0 0 56.2000007629395 0.467787146568298 0.724270343780518 0.509251713752747
0 0 0 56.2999992370605 0.467787146568298 0.724096357822418 0.509284555912018
0 0 0 56.4000015258789 0.467787146568298 0.723926842212677 0.509318351745605
0 0 0 56.5 0.467787146568298 0.723761796951294 0.509353041648865
0 0 0 56.5999984741211 0.467787146568298 0.723601341247559 0.50938868522644
0 0 0 56.7000007629395 0.467787146568298 0.723445534706116 0.509425163269043
0 0 0 56.7999992370605 0.467787146568298 0.723294317722321 0.509462475776672
0 0 0 56.9000015258789 0.467787146568298 0.723147809505463 0.509500622749329
0 0 0 57 0.467787146568298 0.723006069660187 0.509539544582367
0 0 0 57.0999984741211 0.467787146568298 0.722869098186493 0.509579181671143
0 0 0 57.2000007629395 0.467787146568298 0.722736954689026 0.509619534015656
0 0 0 57.2999992370605 0.467787146568298 0.72260969877243 0.509660542011261
0 0 0 57.4000015258789 0.467787146568298 0.722487270832062 0.509702205657959
0 0 0 57.5 0.467787146568298 0.722369730472565 0.509744465351105
0 0 0 57.5999984741211 0.467787146568298 0.722257137298584 0.509787321090698
0 0 0 57.7000007629395 0.467787146568298 0.72214949131012 0.509830713272095
0 0 0 57.7999992370605 0.467787146568298 0.722046792507172 0.509874582290649
0 0 0 57.9000015258789 0.467787146568298 0.721949100494385 0.509918928146362
0 0 0 58 0.467787146568298 0.721856296062469 0.509963750839233
0 0 0 58.0999984741211 0.467787146568298 0.72176855802536 0.510008990764618
0 0 0 58.2000007629395 0.467787146568298 0.721685767173767 0.510054588317871
0 0 0 58.2999992370605 0.467787146568298 0.721607983112335 0.510100543498993
0 0 0 58.4000015258789 0.467787146568298 0.721535205841064 0.510146796703339
0 0 0 58.5 0.467787146568298 0.72146737575531 0.510193347930908
0 0 0 58.5999984741211 0.467787146568298 0.721404492855072 0.510240137577057
0 0 0 58.7000007629395 0.467787146568298 0.721346616744995 0.51028710603714
0 0 0 58.7999992370605 0.467787146568298 0.72129362821579 0.510334312915802
0 0 0 58.9000015258789 0.467787146568298 0.721245586872101 0.510381639003754
0 0 0 59 0.467787146568298 0.721202433109283 0.51042914390564
0 0 0 59.0999984741211 0.467787146568298 0.721164166927338 0.510476648807526
0 0 0 59.2000007629395 0.467787146568298 0.721130728721619 0.510524272918701
0 0 0 59.2999992370605 0.467787146568298 0.721102118492126 0.510571897029877
0 0 0 59.4000015258789 0.467787146568298 0.721078276634216 0.510619580745697
0 0 0 59.5 0.467787146568298 0.721059203147888 0.510667204856873
0 0 0 59.5999984741211 0.467787146568298 0.721044838428497 0.510714709758759
0 0 0 59.7000007629395 0.467787146568298 0.721035122871399 0.510762214660645
0 0 0 59.7999992370605 0.467787146568298 0.721030056476593 0.510809540748596
0 0 0 59.9000015258789 0.467787146568298 0.721029579639435 0.510856747627258
0 0 0 60 0.467787146568298 0.72103363275528 0.510903716087341
0 0 0 60.0999984741211 0.467787146568298 0.721042156219482 0.510950565338135
0 0 0 60.2000007629395 0.467787146568298 0.721055090427399 0.510997116565704
0 0 0 60.2999992370605 0.467787146568298 0.721072435379028 0.51104348897934
0 0 0 60.4000015258789 0.467787146568298 0.721094131469727 0.511089503765106
0 0 0 60.5 0.467787146568298 0.721120059490204 0.511135280132294
0 0 0 60.5999984741211 0.467787146568298 0.721150159835815 0.511180639266968
0 0 0 60.7000007629395 0.467787146568298 0.721184432506561 0.511225700378418
0 0 0 60.7999992370605 0.467787146568298 0.721222758293152 0.511270344257355
0 0 0 60.9000015258789 0.467787146568298 0.721265137195587 0.511314630508423
0 0 0 61 0.467787146568298 0.721311390399933 0.511358439922333
0 0 0 61.0999984741211 0.467787146568298 0.721361577510834 0.511401772499084
0 0 0 61.2000007629395 0.467787146568298 0.721415519714355 0.511444687843323
0 0 0 61.2999992370605 0.467787146568298 0.721473157405853 0.511487066745758
0 0 0 61.4000015258789 0.467787146568298 0.721534490585327 0.51152890920639
0 0 0 61.5 0.467787146568298 0.721599340438843 0.51157021522522
0 0 0 61.5999984741211 0.467787146568298 0.721667766571045 0.511610984802246
0 0 0 61.7000007629395 0.467787146568298 0.721739530563354 0.511651158332825
0 0 0 61.7999992370605 0.467787146568298 0.721814632415771 0.511690735816956
0 0 0 61.9000015258789 0.467787146568298 0.721892952919006 0.511729717254639
0 0 0 62 0.467787146568298 0.721974492073059 0.511767983436584
0 0 0 62.0999984741211 0.467787146568298 0.722059071063995 0.511805653572083
0 0 0 62.2000007629395 0.467787146568298 0.722146689891815 0.511842668056488
0 0 0 62.2999992370605 0.467787146568298 0.722237169742584 0.511878967285156
0 0 0 62.4000015258789 0.467787146568298 0.722330451011658 0.511914551258087
0 0 0 62.5 0.467787146568298 0.722426533699036 0.511949419975281
0 0 0 62.5999984741211 0.467787146568298 0.722525179386139 0.511983573436737
0 0 0 62.7000007629395 0.467787146568298 0.722626388072968 0.512017011642456
0 0 0 62.7999992370605 0.467787146568298 0.722730100154877 0.512049615383148
0 0 0 62.9000015258789 0.467787146568298 0.722836136817932 0.512081503868103
0 0 0 63 0.467787146568298 0.722944438457489 0.512112557888031
0 0 0 63.0999984741211 0.467787146568298 0.723054945468903 0.512142837047577
0 0 0 63.2000007629395 0.467787146568298 0.723167479038239 0.512172341346741
0 0 0 63.2999992370605 0.467787146568298 0.723282098770142 0.512201011180878
0 0 0 63.4000015258789 0.467787146568298 0.723398566246033 0.512228846549988
0 0 0 63.5 0.467787146568298 0.723516821861267 0.512255847454071
0 0 0 63.5999984741211 0.467787146568298 0.7236368060112 0.512282013893127
0 0 0 63.7000007629395 0.467787146568298 0.723758399486542 0.512307286262512
0 0 0 63.7999992370605 0.467787146568298 0.723881542682648 0.512331783771515
0 0 0 63.9000015258789 0.467787146568298 0.724006116390228 0.512355327606201
0 0 0 64 0.467787146568298 0.724132001399994 0.512378096580505
0 0 0 64.0999984741211 0.467787146568298 0.7242591381073 0.512399911880493
0 0 0 64.1999969482422 0.467787146568298 0.724387407302856 0.512420892715454
0 0 0 64.3000030517578 0.467787146568298 0.724516689777374 0.512440979480743
0 0 0 64.4000015258789 0.467787146568298 0.724646985530853 0.512460172176361
0 0 0 64.5 0.467787146568298 0.724778175354004 0.512478470802307
0 0 0 64.5999984741211 0.467787146568298 0.724910080432892 0.512495875358582
0 0 0 64.6999969482422 0.467787146568298 0.725042700767517 0.512512385845184
0 0 0 64.8000030517578 0.467787146568298 0.725175857543945 0.512528002262115
0 0 0 64.9000015258789 0.467787146568298 0.725309550762177 0.51254278421402
0 0 0 65 0.467787146568298 0.725443661212921 0.512556612491608
0 0 0 65.0999984741211 0.467787146568298 0.72557806968689 0.512569546699524
0 0 0 65.1999969482422 0.467787146568298 0.725712716579437 0.512581586837769
0 0 0 65.3000030517578 0.467787146568298 0.725847542285919 0.512592792510986
0 0 0 65.4000015258789 0.467787146568298 0.725982367992401 0.512603044509888
0 0 0 65.5 0.467787146568298 0.726117193698883 0.512612462043762
0 0 0 65.5999984741211 0.467787146568298 0.726251840591431 0.512620985507965
0 0 0 65.6999969482422 0.467787146568298 0.726386368274689 0.512628614902496
0 0 0 65.8000030517578 0.467787146568298 0.726520597934723 0.512635409832001
0 0 0 65.9000015258789 0.467787146568298 0.726654410362244 0.512641310691833
0 0 0 66 0.467787146568298 0.726787805557251 0.512646317481995
0 0 0 66.0999984741211 0.467787146568298 0.726920664310455 0.512650549411774
0 0 0 66.1999969482422 0.467787146568298 0.727052927017212 0.512653887271881
0 0 0 66.3000030517578 0.467787146568298 0.727184474468231 0.512656390666962
0 0 0 66.4000015258789 0.467787146568298 0.727315306663513 0.512657999992371
0 0 0 66.5 0.467787146568298 0.727445304393768 0.512658894062042
0 0 0 66.5999984741211 0.467787146568298 0.727574348449707 0.512658894062042
0 0 0 66.6999969482422 0.467787146568298 0.727702438831329 0.51265811920166
0 0 0 66.8000030517578 0.467787146568298 0.727829456329346 0.512656509876251
0 0 0 66.9000015258789 0.467787146568298 0.727955400943756 0.51265412569046
0 0 0 67 0.467787146568298 0.728080093860626 0.512650966644287
0 0 0 67.0999984741211 0.467787146568298 0.728203535079956 0.512647032737732
0 0 0 67.1999969482422 0.467787146568298 0.728325724601746 0.512642383575439
0 0 0 67.3000030517578 0.467787146568298 0.728446483612061 0.51263689994812
0 0 0 67.4000015258789 0.467787146568298 0.728565752506256 0.512630760669708
0 0 0 67.5 0.467787146568298 0.728683590888977 0.512623846530914
0 0 0 67.5999984741211 0.467787146568298 0.728799819946289 0.512616276741028
0 0 0 67.6999969482422 0.467787146568298 0.728914439678192 0.512607932090759
0 0 0 67.8000030517578 0.467787146568298 0.729027390480042 0.512598931789398
0 0 0 67.9000015258789 0.467787146568298 0.729138612747192 0.512589275836945
0 0 0 68 0.467787146568298 0.729248046875 0.512578964233398
0 0 0 68.0999984741211 0.467787146568298 0.72935563325882 0.51256799697876
0 0 0 68.1999969482422 0.467787146568298 0.729461371898651 0.512556374073029
0 0 0 68.3000030517578 0.467787146568298 0.729565143585205 0.51254415512085
0 0 0 68.4000015258789 0.467787146568298 0.729666948318481 0.512531340122223
0 0 0 68.5 0.467787146568298 0.72976678609848 0.512517929077148
0 0 0 68.5999984741211 0.467787146568298 0.729864537715912 0.512503921985626
0 0 0 68.6999969482422 0.467787146568298 0.729960143566132 0.512489378452301
0 0 0 68.8000030517578 0.467787146568298 0.730053663253784 0.512474298477173
0 0 0 68.9000015258789 0.467787146568298 0.730145037174225 0.512458682060242
0 0 0 69 0.467787146568298 0.730234205722809 0.512442529201508
0 0 0 69.0999984741211 0.467787146568298 0.730321109294891 0.512425899505615
0 0 0 69.1999969482422 0.467787146568298 0.730405747890472 0.512408792972565
0 0 0 69.3000030517578 0.467787146568298 0.730488061904907 0.512391209602356
0 0 0 69.4000015258789 0.467787146568298 0.730568110942841 0.512373208999634
0 0 0 69.5 0.467787146568298 0.730645775794983 0.512354731559753
0 0 0 69.5999984741211 0.467787146568298 0.730721056461334 0.51233583688736
0 0 0 69.6999969482422 0.467787146568298 0.730794012546539 0.512316584587097
0 0 0 69.8000030517578 0.467787146568298 0.730864465236664 0.512296915054321
0 0 0 69.9000015258789 0.467787146568298 0.730932533740997 0.512276887893677
0 0 0 70 0.467787146568298 0.730998158454895 0.512256503105164
0 0 0 70.0999984741211 0.467787146568298 0.731061339378357 0.512235820293427
0 0 0 70.1999969482422 0.467787146568298 0.731121957302094 0.512214779853821
0 0 0 70.3000030517578 0.467787146568298 0.731180191040039 0.512193500995636
0 0 0 70.4000015258789 0.467787146568298 0.731235861778259 0.512171864509583
0 0 0 70.5 0.467787146568298 0.731289029121399 0.51214998960495
0 0 0 70.5999984741211 0.467787146568298 0.731339752674103 0.512127876281738
0 0 0 70.6999969482422 0.467787146568298 0.731387913227081 0.512105524539948
0 0 0 70.8000030517578 0.467787146568298 0.731433510780334 0.512082934379578
0 0 0 70.9000015258789 0.467787146568298 0.731476664543152 0.512060165405273
0 0 0 71 0.467787146568298 0.731517255306244 0.512037217617035
0 0 0 71.0999984741211 0.467787146568298 0.731555342674255 0.512014091014862
0 0 0 71.1999969482422 0.467787146568298 0.731590926647186 0.5119908452034
0 0 0 71.3000030517578 0.467787146568298 0.731624007225037 0.511967420578003
0 0 0 71.4000015258789 0.467787146568298 0.731654584407806 0.511943876743317
0 0 0 71.5 0.467787146568298 0.731682658195496 0.511920273303986
0 0 0 71.5999984741211 0.467787146568298 0.731708228588104 0.511896550655365
0 0 0 71.6999969482422 0.467787146568298 0.731731355190277 0.5118727684021
0 0 0 71.8000030517578 0.467787146568298 0.731751978397369 0.511848926544189
0 0 0 71.9000015258789 0.467787146568298 0.731770217418671 0.511825084686279
0 0 0 72 0.467787146568298 0.731786012649536 0.511801183223724
0 0 0 72.0999984741211 0.467787146568298 0.731799364089966 0.511777281761169
0 0 0 72.1999969482422 0.467787146568298 0.731810331344604 0.511753380298615
0 0 0 72.3000030517578 0.467787146568298 0.731818914413452 0.51172947883606
0 0 0 72.4000015258789 0.467787146568298 0.731825172901154 0.511705636978149
0 0 0 72.5 0.467787146568298 0.731829047203064 0.511681854724884
0 0 0 72.5999984741211 0.467787146568298 0.731830656528473 0.511658132076263
0 0 0 72.6999969482422 0.467787146568298 0.731829941272736 0.511634528636932
0 0 0 72.8000030517578 0.467787146568298 0.731827020645142 0.511610984802246
0 0 0 72.9000015258789 0.467787146568298 0.731821835041046 0.511587500572205
0 0 0 73 0.467787146568298 0.731814444065094 0.511564195156097
0 0 0 73.0999984741211 0.467787146568298 0.731804847717285 0.51154100894928
0 0 0 73.1999969482422 0.467787146568298 0.731793165206909 0.511518001556396
0 0 0 73.3000030517578 0.467787146568298 0.731779277324677 0.511495113372803
0 0 0 73.4000015258789 0.467787146568298 0.731763362884521 0.511472463607788
0 0 0 73.5 0.467787146568298 0.731745421886444 0.511449933052063
0 0 0 73.5999984741211 0.467787146568298 0.7317253947258 0.511427640914917
0 0 0 73.6999969482422 0.467787146568298 0.731703460216522 0.511405527591705
0 0 0 73.8000030517578 0.467787146568298 0.731679558753967 0.511383652687073
0 0 0 73.9000015258789 0.467787146568298 0.731653690338135 0.511362016201019
0 0 0 74 0.467787146568298 0.731625974178314 0.511340618133545
0 0 0 74.0999984741211 0.467787146568298 0.73159646987915 0.51131945848465
0 0 0 74.1999969482422 0.467787146568298 0.731565117835999 0.511298596858978
0 0 0 74.3000030517578 0.467787146568298 0.731532037258148 0.511277973651886
0 0 0 74.4000015258789 0.467787146568298 0.731497228145599 0.511257648468018
0 0 0 74.5 0.467787146568298 0.731460750102997 0.511237680912018
0 0 0 74.5999984741211 0.467787146568298 0.731422603130341 0.511217951774597
0 0 0 74.6999969482422 0.467787146568298 0.73138290643692 0.5111985206604
0 0 0 74.8000030517578 0.467787146568298 0.731341600418091 0.511179447174072
0 0 0 74.9000015258789 0.467787146568298 0.731298863887787 0.511160731315613
0 0 0 75 0.467787146568298 0.731254577636719 0.511142313480377
0 0 0 75.0999984741211 0.467787146568298 0.731208920478821 0.51112425327301
0 0 0 75.1999969482422 0.467787146568298 0.731161892414093 0.511106550693512
0 0 0 75.3000030517578 0.467787146568298 0.731113493442535 0.511089205741882
0 0 0 75.4000015258789 0.467787146568298 0.731063842773438 0.511072218418121
0 0 0 75.5 0.467787146568298 0.731012940406799 0.511055588722229
0 0 0 75.5999984741211 0.467787146568298 0.730960845947266 0.51103937625885
0 0 0 75.6999969482422 0.467787146568298 0.730907559394836 0.511023581027985
0 0 0 75.8000030517578 0.467787146568298 0.730853199958801 0.511008143424988
0 0 0 75.9000015258789 0.467787146568298 0.730797827243805 0.510993123054504
0 0 0 76 0.467787146568298 0.730741381645203 0.51097846031189
0 0 0 76.0999984741211 0.467787146568298 0.730683982372284 0.510964214801788
0 0 0 76.1999969482422 0.467787146568298 0.730625689029694 0.510950446128845
0 0 0 76.3000030517578 0.467787146568298 0.730566442012787 0.510937035083771
0 0 0 76.4000015258789 0.467787146568298 0.730506479740143 0.51092404127121
0 0 0 76.5 0.467787146568298 0.730445683002472 0.510911524295807
0 0 0 76.5999984741211 0.467787146568298 0.730384111404419 0.510899424552917
0 0 0 76.6999969482422 0.467787146568298 0.730321884155273 0.510887742042542
0 0 0 76.8000030517578 0.467787146568298 0.73025906085968 0.510876476764679
0 0 0 76.9000015258789 0.467787146568298 0.730195581912994 0.51086562871933
0 0 0 77 0.467787146568298 0.73013162612915 0.510855257511139
0 0 0 77.0999984741211 0.467787146568298 0.730067074298859 0.510845363140106
0 0 0 77.1999969482422 0.467787146568298 0.730002164840698 0.510835826396942
0 0 0 77.3000030517578 0.467787146568298 0.72993677854538 0.510826766490936
0 0 0 77.4000015258789 0.467787146568298 0.729871034622192 0.510818183422089
0 0 0 77.5 0.467787146568298 0.729804992675781 0.510810017585754
0 0 0 77.5999984741211 0.467787146568298 0.729738652706146 0.510802268981934
0 0 0 77.6999969482422 0.467787146568298 0.729672133922577 0.510794997215271
0 0 0 77.8000030517578 0.467787146568298 0.729605376720428 0.510788202285767
0 0 0 77.9000015258789 0.467787146568298 0.72953850030899 0.510781824588776
0 0 0 78 0.467787146568298 0.729471504688263 0.510775864124298
0 0 0 78.0999984741211 0.467787146568298 0.729404449462891 0.510770320892334
0 0 0 78.1999969482422 0.467787146568298 0.729337394237518 0.510765254497528
0 0 0 78.3000030517578 0.467787146568298 0.729270398616791 0.51076066493988
0 0 0 78.4000015258789 0.467787146568298 0.729203402996063 0.510756492614746
0 0 0 78.5 0.467787146568298 0.72913658618927 0.510752737522125
0 0 0 78.5999984741211 0.467787146568298 0.729069888591766 0.510749399662018
0 0 0 78.6999969482422 0.467787146568298 0.729003369808197 0.510746538639069
0 0 0 78.8000030517578 0.467787146568298 0.728937149047852 0.510744035243988
0 0 0 78.9000015258789 0.467787146568298 0.72887110710144 0.510742008686066
0 0 0 79 0.467787146568298 0.728805422782898 0.510740399360657
0 0 0 79.0999984741211 0.467787146568298 0.728740096092224 0.510739207267761
0 0 0 79.1999969482422 0.467787146568298 0.728675186634064 0.510738372802734
0 0 0 79.3000030517578 0.467787146568298 0.728610634803772 0.510738015174866
0 0 0 79.4000015258789 0.467787146568298 0.728546559810638 0.51073807477951
0 0 0 79.5 0.467787146568298 0.728482961654663 0.510738492012024
0 0 0 79.5999984741211 0.467787146568298 0.728419899940491 0.510739326477051
0 0 0 79.6999969482422 0.467787146568298 0.728357434272766 0.510740518569946
0 0 0 79.8000030517578 0.467787146568298 0.728295505046844 0.510742127895355
0 0 0 79.9000015258789 0.467787146568298 0.728234231472015 0.510744094848633
0 0 0 80 0.467787146568298 0.728173613548279 0.510746479034424
0 0 0 80.0999984741211 0.467787146568298 0.72811371088028 0.510749161243439
0 0 0 80.1999969482422 0.467787146568298 0.728054463863373 0.510752260684967
0 0 0 80.3000030517578 0.467787146568298 0.727995991706848 0.510755717754364
0 0 0 80.4000015258789 0.467787146568298 0.72793835401535 0.51075953245163
0 0 0 80.5 0.467787146568298 0.72788143157959 0.510763704776764
0 0 0 80.5999984741211 0.467787146568298 0.727825403213501 0.510768175125122
0 0 0 80.6999969482422 0.467787146568298 0.727770209312439 0.510773003101349
0 0 0 80.8000030517578 0.467787146568298 0.727715909481049 0.510778188705444
0 0 0 80.9000015258789 0.467787146568298 0.72766250371933 0.510783612728119
0 0 0 81 0.467787146568298 0.727609992027283 0.510789453983307
0 0 0 81.0999984741211 0.467787146568298 0.727558493614197 0.510795533657074
0 0 0 81.1999969482422 0.467787146568298 0.727507948875427 0.510801911354065
0 0 0 81.3000030517578 0.467787146568298 0.727458417415619 0.51080858707428
0 0 0 81.4000015258789 0.467787146568298 0.727409839630127 0.510815560817719
0 0 0 81.5 0.467787146568298 0.727362394332886 0.510822832584381
0 0 0 81.5999984741211 0.467787146568298 0.727315902709961 0.510830342769623
0 0 0 81.6999969482422 0.467787146568298 0.727270543575287 0.510838091373444
0 0 0 81.8000030517578 0.467787146568298 0.727226316928864 0.510846138000488
0 0 0 81.9000015258789 0.467787146568298 0.727183103561401 0.510854423046112
0 0 0 82 0.467787146568298 0.727141082286835 0.510862946510315
0 0 0 82.0999984741211 0.467787146568298 0.727100193500519 0.510871648788452
0 0 0 82.1999969482422 0.467787146568298 0.727060377597809 0.510880649089813
0 0 0 82.3000030517578 0.467787146568298 0.727021813392639 0.510889828205109
0 0 0 82.4000015258789 0.467787146568298 0.72698438167572 0.510899245738983
0 0 0 82.5 0.467787146568298 0.726948142051697 0.510908782482147
0 0 0 82.5999984741211 0.467787146568298 0.726913094520569 0.510918617248535
0 0 0 82.6999969482422 0.467787146568298 0.726879239082336 0.510928571224213
0 0 0 82.8000030517578 0.467787146568298 0.726846635341644 0.510938704013824
0 0 0 82.9000015258789 0.467787146568298 0.726815223693848 0.510949015617371
0 0 0 83 0.467787146568298 0.726785004138947 0.510959446430206
0 0 0 83.0999984741211 0.467787146568298 0.726756036281586 0.510970056056976
0 0 0 83.1999969482422 0.467787146568298 0.726728320121765 0.510980784893036
0 0 0 83.3000030517578 0.467787146568298 0.726701855659485 0.51099169254303
0 0 0 83.4000015258789 0.467787146568298 0.726676642894745 0.511002719402313
0 0 0 83.5 0.467787146568298 0.7266526222229 0.511013805866241
0 0 0 83.5999984741211 0.467787146568298 0.726629912853241 0.511025071144104
0 0 0 83.6999969482422 0.467787146568298 0.726608455181122 0.511036396026611
0 0 0 83.8000030517578 0.467787146568298 0.726588189601898 0.511047780513763
0 0 0 83.9000015258789 0.467787146568298 0.726569175720215 0.511059284210205
0 0 0 84 0.467787146568298 0.726551473140717 0.511070907115936
0 0 0 84.0999984741211 0.467787146568298 0.726534962654114 0.511082530021667
0 0 0 84.1999969482422 0.467787146568298 0.726519703865051 0.511094212532043
0 0 0 84.3000030517578 0.467787146568298 0.726505696773529 0.511106014251709
0 0 0 84.4000015258789 0.467787146568298 0.726492881774902 0.511117815971375
0 0 0 84.5 0.467787146568298 0.726481378078461 0.51112961769104
0 0 0 84.5999984741211 0.467787146568298 0.72647100687027 0.51114147901535
0 0 0 84.6999969482422 0.467787146568298 0.726461887359619 0.511153340339661
0 0 0 84.8000030517578 0.467787146568298 0.726454019546509 0.511165261268616
0 0 0 84.9000015258789 0.467787146568298 0.726447284221649 0.511177182197571
0 0 0 85 0.467787146568298 0.72644180059433 0.511189043521881
0 0 0 85.0999984741211 0.467787146568298 0.726437449455261 0.511200964450836
0 0 0 85.1999969482422 0.467787146568298 0.726434290409088 0.511212825775146
0 0 0 85.3000030517578 0.467787146568298 0.726432323455811 0.511224627494812
0 0 0 85.4000015258789 0.467787146568298 0.726431429386139 0.511236429214478
0 0 0 85.5 0.467787146568298 0.726431727409363 0.511248230934143
0 0 0 85.5999984741211 0.467787146568298 0.726433157920837 0.511259973049164
0 0 0 85.6999969482422 0.467787146568298 0.726435720920563 0.511271595954895
0 0 0 85.8000030517578 0.467787146568298 0.726439356803894 0.511283218860626
0 0 0 85.9000015258789 0.467787146568298 0.726444065570831 0.511294782161713
0 0 0 86 0.467787146568298 0.726449847221375 0.51130622625351
0 0 0 86.0999984741211 0.467787146568298 0.726456701755524 0.511317610740662
0 0 0 86.1999969482422 0.467787146568298 0.726464629173279 0.511328935623169
0 0 0 86.3000030517578 0.467787146568298 0.72647351026535 0.511340141296387
0 0 0 86.4000015258789 0.467787146568298 0.726483464241028 0.511351227760315
0 0 0 86.5 0.467787146568298 0.726494371891022 0.511362254619598
0 0 0 86.5999984741211 0.467787146568298 0.726506233215332 0.511373162269592
0 0 0 86.6999969482422 0.467787146568298 0.726519107818604 0.511383950710297
0 0 0 86.8000030517578 0.467787146568298 0.726532876491547 0.511394619941711
0 0 0 86.9000015258789 0.467787146568298 0.726547598838806 0.511405110359192
0 0 0 87 0.467787146568298 0.726563215255737 0.511415541172028
0 0 0 87.0999984741211 0.467787146568298 0.726579666137695 0.511425793170929
0 0 0 87.1999969482422 0.467787146568298 0.726597011089325 0.511435925960541
0 0 0 87.3000030517578 0.467787146568298 0.726615190505981 0.511445879936218
0 0 0 87.4000015258789 0.467787146568298 0.726634204387665 0.511455714702606
0 0 0 87.5 0.467787146568298 0.72665399312973 0.51146537065506
0 0 0 87.5999984741211 0.467787146568298 0.726674556732178 0.511474907398224
0 0 0 87.6999969482422 0.467787146568298 0.726695895195007 0.511484205722809
0 0 0 87.8000030517578 0.467787146568298 0.726717948913574 0.511493384838104
0 0 0 87.9000015258789 0.467787146568298 0.726740777492523 0.511502385139465
0 0 0 88 0.467787146568298 0.72676420211792 0.511511206626892
0 0 0 88.0999984741211 0.467787146568298 0.726788341999054 0.511519849300385
0 0 0 88.1999969482422 0.467787146568298 0.726813137531281 0.511528313159943
0 0 0 88.3000030517578 0.467787146568298 0.726838529109955 0.511536598205566
0 0 0 88.4000015258789 0.467787146568298 0.726864576339722 0.511544644832611
0 0 0 88.5 0.467787146568298 0.726891160011292 0.511552572250366
0 0 0 88.5999984741211 0.467787146568298 0.726918280124664 0.511560261249542
0 0 0 88.6999969482422 0.467787146568298 0.726945996284485 0.511567711830139
0 0 0 88.8000030517578 0.467787146568298 0.726974189281464 0.511575043201447
0 0 0 88.9000015258789 0.467787146568298 0.727002859115601 0.511582136154175
0 0 0 89 0.467787146568298 0.727031946182251 0.511588990688324
0 0 0 89.0999984741211 0.467787146568298 0.727061569690704 0.511595666408539
0 0 0 89.1999969482422 0.467787146568298 0.727091550827026 0.511602103710175
0 0 0 89.3000030517578 0.467787146568298 0.727121889591217 0.511608362197876
0 0 0 89.4000015258789 0.467787146568298 0.727152645587921 0.511614382266998
0 0 0 89.5 0.467787146568298 0.727183759212494 0.511620223522186
0 0 0 89.5999984741211 0.467787146568298 0.727215170860291 0.511625826358795
0 0 0 89.6999969482422 0.467787146568298 0.727246880531311 0.511631190776825
0 0 0 89.8000030517578 0.467787146568298 0.727278888225555 0.51163637638092
0 0 0 89.9000015258789 0.467787146568298 0.727311134338379 0.511641323566437
0 0 0 90 0.467787146568298 0.727343618869781 0.511646032333374
0 0 0 90.0999984741211 0.467787146568298 0.727376282215118 0.511650562286377
0 0 0 90.1999969482422 0.467787146568298 0.72740912437439 0.511654794216156
0 0 0 90.3000030517578 0.467787146568298 0.727442145347595 0.511658906936646
0 0 0 90.4000015258789 0.467787146568298 0.72747528553009 0.511662721633911
0 0 0 90.5 0.467787146568298 0.72750860452652 0.511666357517242
0 0 0 90.5999984741211 0.467787146568298 0.727541983127594 0.51166969537735
0 0 0 90.6999969482422 0.467787146568298 0.727575421333313 0.511672914028168
0 0 0 90.8000030517578 0.467787146568298 0.727608919143677 0.511675834655762
0 0 0 90.9000015258789 0.467787146568298 0.727642416954041 0.511678576469421
0 0 0 91 0.467787146568298 0.727675914764404 0.511681079864502
0 0 0 91.0999984741211 0.467787146568298 0.727709472179413 0.511683344841003
0 0 0 91.1999969482422 0.467787146568298 0.727742910385132 0.511685431003571
0 0 0 91.3000030517578 0.467787146568298 0.727776348590851 0.511687278747559
0 0 0 91.4000015258789 0.467787146568298 0.72780966758728 0.511688947677612
0 0 0 91.5 0.467787146568298 0.727842926979065 0.511690318584442
0 0 0 91.5999984741211 0.467787146568298 0.72787606716156 0.511691570281982
0 0 0 91.6999969482422 0.467787146568298 0.727909088134766 0.511692523956299
0 0 0 91.8000030517578 0.467787146568298 0.727941870689392 0.511693298816681
0 0 0 91.9000015258789 0.467787146568298 0.727974534034729 0.511693894863129
0 0 0 92 0.467787146568298 0.728007018566132 0.511694252490997
0 0 0 92.0999984741211 0.467787146568298 0.728039264678955 0.511694431304932
0 0 0 92.1999969482422 0.467787146568298 0.728071331977844 0.511694431304932
0 0 0 92.3000030517578 0.467787146568298 0.72810310125351 0.511694192886353
0 0 0 92.4000015258789 0.467787146568298 0.728134572505951 0.511693716049194
0 0 0 92.5 0.467787146568298 0.728165805339813 0.511693120002747
0 0 0 92.5999984741211 0.467787146568298 0.728196740150452 0.51169228553772
0 0 0 92.6999969482422 0.467787146568298 0.728227376937866 0.511691272258759
0 0 0 92.8000030517578 0.467787146568298 0.728257656097412 0.511690080165863
0 0 0 92.9000015258789 0.467787146568298 0.728287577629089 0.511688649654388
0 0 0 93 0.467787146568298 0.728317141532898 0.511687099933624
0 0 0 93.0999984741211 0.467787146568298 0.728346347808838 0.511685371398926
0 0 0 93.1999969482422 0.467787146568298 0.728375136852264 0.511683404445648
0 0 0 93.3000030517578 0.467787146568298 0.728403568267822 0.511681318283081
0 0 0 93.4000015258789 0.467787146568298 0.728431522846222 0.51167905330658
0 0 0 93.5 0.467787146568298 0.728459119796753 0.511676609516144
0 0 0 93.5999984741211 0.467787146568298 0.728486180305481 0.511673986911774
0 0 0 93.6999969482422 0.467787146568298 0.72851288318634 0.511671245098114
0 0 0 93.8000030517578 0.467787146568298 0.728539049625397 0.51166832447052
0 0 0 93.9000015258789 0.467787146568298 0.728564739227295 0.511665284633636
0 0 0 94 0.467787146568298 0.728589951992035 0.511662065982819
0 0 0 94.0999984741211 0.467787146568298 0.728614687919617 0.511658668518066
0 0 0 94.1999969482422 0.467787146568298 0.728638887405396 0.511655211448669
0 0 0 94.3000030517578 0.467787146568298 0.728662550449371 0.511651575565338
0 0 0 94.4000015258789 0.467787146568298 0.728685677051544 0.511647760868073
0 0 0 94.5 0.467787146568298 0.728708326816559 0.511643886566162
0 0 0 94.5999984741211 0.467787146568298 0.728730380535126 0.511639833450317
0 0 0 94.6999969482422 0.467787146568298 0.728751838207245 0.511635661125183
0 0 0 94.8000030517578 0.467787146568298 0.728772819042206 0.511631369590759
0 0 0 94.9000015258789 0.467787146568298 0.728793144226074 0.511627018451691
0 0 0 95 0.467787146568298 0.728812992572784 0.511622488498688
0 0 0 95.0999984741211 0.467787146568298 0.728832185268402 0.51161789894104
0 0 0 95.1999969482422 0.467787146568298 0.728850781917572 0.511613190174103
0 0 0 95.3000030517578 0.467787146568298 0.728868842124939 0.511608362197876
0 0 0 95.4000015258789 0.467787146568298 0.728886246681213 0.511603474617004
0 0 0 95.5 0.467787146568298 0.72890305519104 0.511598467826843
0 0 0 95.5999984741211 0.467787146568298 0.728919267654419 0.511593401432037
0 0 0 95.6999969482422 0.467787146568298 0.72893488407135 0.511588215827942
0 0 0 95.8000030517578 0.467787146568298 0.728949904441833 0.511582970619202
0 0 0 95.9000015258789 0.467787146568298 0.728964269161224 0.511577665805817
0 0 0 96 0.467787146568298 0.728977978229523 0.511572301387787
0 0 0 96.0999984741211 0.467787146568298 0.728991150856018 0.511566817760468
0 0 0 96.1999969482422 0.467787146568298 0.729003608226776 0.511561334133148
0 0 0 96.3000030517578 0.467787146568298 0.729015529155731 0.511555731296539
0 0 0 96.4000015258789 0.467787146568298 0.729026794433594 0.51155012845993
0 0 0 96.5 0.467787146568298 0.729037404060364 0.511544466018677
0 0 0 96.5999984741211 0.467787146568298 0.729047417640686 0.511538743972778
0 0 0 96.6999969482422 0.467787146568298 0.729056775569916 0.511532962322235
0 0 0 96.8000030517578 0.467787146568298 0.729065537452698 0.511527180671692
0 0 0 96.9000015258789 0.467787146568298 0.729073643684387 0.511521399021149
0 0 0 97 0.467787146568298 0.729081153869629 0.511515498161316
0 0 0 97.0999984741211 0.467787146568298 0.729088068008423 0.511509656906128
0 0 0 97.1999969482422 0.467787146568298 0.729094326496124 0.511503756046295
0 0 0 97.3000030517578 0.467787146568298 0.729099988937378 0.511497795581818
0 0 0 97.4000015258789 0.467787146568298 0.729105055332184 0.511491894721985
0 0 0 97.5 0.467787146568298 0.729109525680542 0.511485934257507
0 0 0 97.5999984741211 0.467787146568298 0.729113340377808 0.51147997379303
0 0 0 97.6999969482422 0.467787146568298 0.729116559028625 0.511474072933197
0 0 0 97.8000030517578 0.467787146568298 0.72911924123764 0.511468112468719
0 0 0 97.9000015258789 0.467787146568298 0.729121267795563 0.511462152004242
0 0 0 98 0.467787146568298 0.729122757911682 0.511456251144409
0 0 0 98.0999984741211 0.467787146568298 0.729123651981354 0.511450350284576
0 0 0 98.1999969482422 0.467787146568298 0.729123950004578 0.511444449424744
0 0 0 98.3000030517578 0.467787146568298 0.729123711585999 0.511438548564911
0 0 0 98.4000015258789 0.467787146568298 0.729122877120972 0.511432707309723
0 0 0 98.5 0.467787146568298 0.729121506214142 0.511426866054535
0 0 0 98.5999984741211 0.467787146568298 0.729119598865509 0.511421084403992
0 0 0 98.6999969482422 0.467787146568298 0.729117155075073 0.511415302753448
0 0 0 98.8000030517578 0.467787146568298 0.72911411523819 0.51140958070755
0 0 0 98.9000015258789 0.467787146568298 0.729110598564148 0.511403918266296
0 0 0 99 0.467787146568298 0.729106605052948 0.511398255825043
0 0 0 99.0999984741211 0.467787146568298 0.7291020154953 0.511392652988434
0 0 0 99.1999969482422 0.467787146568298 0.729097008705139 0.51138710975647
0 0 0 99.3000030517578 0.467787146568298 0.729091465473175 0.51138162612915
0 0 0 99.4000015258789 0.467787146568298 0.729085445404053 0.511376202106476
0 0 0 99.5 0.467787146568298 0.729078888893127 0.511370837688446
0 0 0 99.5999984741211 0.467787146568298 0.729071974754333 0.511365532875061
0 0 0 99.6999969482422 0.467787146568298 0.729064524173737 0.511360287666321
0 0 0 99.8000030517578 0.467787146568298 0.729056656360626 0.511355102062225
0 0 0 99.9000015258789 0.467787146568298 0.729048371315002 0.511349976062775
0 0 0 100 0.467787146568298 0.72903960943222 0.511344909667969
