-0.010257700458169 0.0504980012774467
0.015306199900806 0.0519814006984234
0.0408682003617287 0.053472001105547
0.0664281994104385 0.0549698993563652
0.0919860973954201 0.0564754009246826
0.117541998624802 0.0579885989427567
0.143095001578331 0.0595095008611679
0.168645992875099 0.061038501560688
0.194195002317429 0.062575601041317
0.219741001725197 0.0641210004687309
0.245284005999565 0.065674901008606
0.270823985338211 0.0672374963760376
0.296362012624741 0.0688090026378632
0.321895986795425 0.070389598608017
0.347427010536194 0.0719794034957886
0.372954994440079 0.0735787972807884
0.398479014635086 0.0751878991723061
0.42399999499321 0.0768069997429848
0.449517011642456 0.0784363970160484
0.47503000497818 0.080076202750206
0.492036014795303 0.0811754018068314
0.509039998054504 0.0822793990373611
0.526042997837067 0.0833884030580521
0.54304301738739 0.0845025032758713
0.560042023658752 0.0856216996908188
0.577037990093231 0.0867460966110229
0.594031989574432 0.0878757983446121
0.611023008823395 0.0890109986066818
0.628013014793396 0.0901516973972321
0.644999027252197 0.0912979990243912
0.661984026432037 0.0924500972032547
0.678964972496033 0.0936079993844032
0.695945024490356 0.0947718992829323
0.712921023368835 0.0959419012069702
0.729893982410431 0.0971181988716125
0.746864974498749 0.0983007997274399
0.763831973075867 0.099489800632
0.780797004699707 0.100685998797417
0.797757983207703 0.101888000965118
0.814715027809143 0.103097997605801
0.831669986248016 0.104313999414444
0.848619997501373 0.105538003146648
0.865567028522491 0.106769002974033
0.882510006427765 0.108007997274399
0.899448990821838 0.109254002571106
0.916383981704712 0.110509000718594
0.933314025402069 0.111772000789642
0.950240015983582 0.113043002784252
0.967162013053894 0.114321999251842
0.97843998670578 0.115180000662804
0.985957026481628 0.115754000842571
0.990969002246857 0.116137996315956
0.99430900812149 0.116393998265266
0.996536016464233 0.116564996540546
0.998021006584167 0.116680003702641
1 0.116832002997398
1 0.116832002997398
1.00197994709015 0.116984002292156
1.00346004962921 0.11709900200367
1.00568997859955 0.11727000027895
1.00902998447418 0.11752799898386
1.01403999328613 0.117916002869606
1.02155005931854 0.118499003350735
1.03281998634338 0.119375996291637
1.0497100353241 0.120701000094414
1.06659996509552 0.122036002576351
1.08349001407623 0.123380996286869
1.10037004947662 0.124737001955509
1.1172399520874 0.12610399723053
1.13409996032715 0.127481997013092
1.15095996856689 0.128870993852615
1.16780996322632 0.130272999405861
1.18464994430542 0.131687000393867
1.20148003101349 0.133113995194435
1.21829998493195 0.134553998708725
1.23512005805969 0.136006996035576
1.2519199848175 0.137474998831749
1.26872003078461 0.138956993818283
1.28550004959106 0.140453994274139
1.3022700548172 0.141967996954918
1.31903994083405 0.143497005105019
1.3357800245285 0.14504300057888
1.35251998901367 0.146606996655464
1.36924004554749 0.14818899333477
1.38594996929169 0.14979100227356
1.40263998508453 0.15141199529171
1.41930997371674 0.153053998947144
1.43596994876862 0.154717996716499
1.45260000228882 0.156404003500938
1.4692200422287 0.1581140011549
1.48581004142761 0.159850001335144
1.50238001346588 0.161611005663872
1.51892995834351 0.163399994373322
1.53543996810913 0.165218994021416
1.55192995071411 0.167068004608154
1.56839001178741 0.168950006365776
1.58481001853943 0.170865997672081
1.60118997097015 0.172819003462791
1.61752998828888 0.174810007214546
1.63382005691528 0.176844000816345
1.65006995201111 0.17892199754715
1.66624999046326 0.181048005819321
1.68237996101379 0.183225005865097
1.69842994213104 0.18545700609684
1.71440994739532 0.187749996781349
1.73029005527496 0.190108001232147
1.7460800409317 0.192537993192673
1.76174998283386 0.195044994354248
1.77727997303009 0.197639003396034
1.79265999794006 0.200328007340431
1.80783998966217 0.2031240016222
1.82281005382538 0.206038996577263
1.83750998973846 0.209088996052742
1.85186994075775 0.21229000389576
1.86582005023956 0.215665996074677
1.87924003601074 0.219240993261337
1.89198005199432 0.223045006394386
1.9038200378418 0.227108001708984
1.91445004940033 0.231463000178337
1.92344999313354 0.236125007271767
1.93028998374939 0.24108000099659
1.93438005447388 0.246252000331879
1.93540000915527 0.250411987304688
1.93382000923157 0.255580008029938
1.92931997776031 0.2605200111866
1.9224499464035 0.265148013830185
1.91373002529144 0.269448012113571
1.90363001823425 0.273438006639481
1.89247000217438 0.277150988578796
1.880499958992 0.280620992183685
1.86791002750397 0.283879995346069
1.85480999946594 0.286954998970032
1.84131002426147 0.289869993925095
1.82746994495392 0.292643994092941
1.81335997581482 0.295293003320694
1.79902005195618 0.297832012176514
1.78446996212006 0.300269991159439
1.76974999904633 0.302619993686676
1.75487995147705 0.304888010025024
1.73987996578217 0.307081997394562
1.72476005554199 0.309208005666733
1.7095400094986 0.311271995306015
1.69421994686127 0.313279002904892
1.67882001399994 0.315232992172241
1.66334998607635 0.317137002944946
1.64779996871948 0.318996012210846
1.63218998908997 0.320811986923218
1.61652994155884 0.322587013244629
1.60081005096436 0.324324995279312
1.58503997325897 0.326027989387512
1.56922996044159 0.32769700884819
1.55336999893188 0.329333990812302
1.53747999668121 0.330942004919052
1.52154004573822 0.332520991563797
1.50557994842529 0.334073007106781
1.48958003520966 0.335599988698959
1.47354996204376 0.337101995944977
1.45748996734619 0.338580995798111
1.44140994548798 0.340038001537323
1.42530000209808 0.341473013162613
1.40917003154755 0.342887997627258
1.39301002025604 0.344283014535904
1.37682998180389 0.345660001039505
1.36064004898071 0.347018986940384
1.34441995620728 0.348360002040863
1.32818996906281 0.34968501329422
1.31192994117737 0.350993007421494
1.2956600189209 0.352286010980606
1.27937996387482 0.353565007448196
1.26308000087738 0.354828000068665
1.2467600107193 0.356077998876572
1.2304300069809 0.357315003871918
1.21408998966217 0.358538001775742
1.1977299451828 0.359748989343643
1.1813600063324 0.360947012901306
1.16498005390167 0.362134009599686
1.14858996868134 0.363308995962143
1.13217997550964 0.364472985267639
1.11576998233795 0.365626007318497
1.09933996200562 0.36676898598671
1.08290994167328 0.367902010679245
1.06647002696991 0.369024008512497
1.05000996589661 0.370137006044388
1.03355002403259 0.371239989995956
1.01707994937897 0.372334986925125
1.00059998035431 0.373420000076294
0.984109997749329 0.37449699640274
0.967613995075226 0.375564992427826
0.951111018657684 0.376625001430511
0.934599995613098 0.377676993608475
0.918081998825073 0.378720998764038
0.90155702829361 0.379756987094879
0.885025024414063 0.380786001682281
0.868485987186432 0.381806999444962
0.851940989494324 0.382822006940842
0.835389971733093 0.383828997612
0.810552000999451 0.385327011346817
0.785700976848602 0.386810004711151
0.760837018489838 0.388278990983963
0.735961019992828 0.389733999967575
0.711072981357574 0.391175001859665
0.686174988746643 0.392603993415833
0.661265015602112 0.3940190076828
0.636345028877258 0.395422011613846
0.611414015293121 0.396813005208969
0.586475014686584 0.398193001747131
0.561524987220764 0.399560987949371
0.536566972732544 0.400918006896973
0.511599004268646 0.402263998985291
0.486624002456665 0.403600007295609
0.461638987064362 0.404924988746643
0.436646997928619 0.406240999698639
0.411648005247116 0.407546997070313
0.386640012264252 0.408843994140625
0.361625999212265 0.410131007432938
0.336603999137878 0.411410003900528
0.311574995517731 0.412678986787796
0.286540001630783 0.413940995931625
0.261498004198074 0.415194004774094
0.236450001597404 0.416438013315201
0.211395993828773 0.417674988508224
0.186335995793343 0.418904006481171
0.161269992589951 0.420125991106033
0.136197999119759 0.421339988708496
0.111120998859406 0.422545999288559
0.0860385000705719 0.4237459897995
0.0609507001936436 0.424939006567001
0.0358578003942966 0.426124006509781
0.0107599003240466 0.427303999662399
-0.014342900365591 0.428476005792618
