-0.00980817992240191 0.0499963015317917
0.00720966001972556 0.0509595014154911
0.0242256000638008 0.0519252009689808
0.0412395000457764 0.0528931990265846
0.0582515001296997 0.053863700479269
0.0752613991498947 0.0548366010189056
0.0922691002488136 0.0558121018111706
0.109274998307228 0.0567900016903877
0.12627799808979 0.0577704012393951
0.143279001116753 0.0587534010410309
0.160278007388115 0.0597389005124569
0.177274003624916 0.0607270002365112
0.194268003106117 0.0617177002131939
0.211258992552757 0.0627110004425049
0.228247001767159 0.0637070015072823
0.245232999324799 0.0647056996822357
0.262216985225677 0.0657069981098175
0.279197007417679 0.0667110979557037
0.296173989772797 0.0677179023623466
0.313149005174637 0.0687275007367134
0.330119997262955 0.0697399005293846
0.347088992595673 0.0707551017403603
0.364053994417191 0.0717730969190598
0.381015986204147 0.072793997824192
0.397974997758865 0.0738179013133049
0.414929986000061 0.0748445987701416
0.431881994009018 0.0758742988109589
0.448830008506775 0.0769070014357567
0.46577399969101 0.0779426991939545
0.482715010643005 0.0789813995361328
0.499651998281479 0.0800233036279678
0.516584992408752 0.0810682028532028
0.533514022827148 0.0821162015199661
0.550437986850739 0.0831673964858055
0.56735897064209 0.0842218995094299
0.584275007247925 0.0852795019745827
0.601186990737915 0.0863403975963593
0.618094027042389 0.0874046012759209
0.634997010231018 0.0884720981121063
0.651893973350525 0.0895429998636246
0.668787002563477 0.0906172022223473
0.685675024986267 0.0916948989033699
0.702557981014252 0.0927760973572731
0.71943598985672 0.0938607975840569
0.736307978630066 0.0949489995837212
0.753175020217896 0.0960408002138138
0.770035982131958 0.0971361994743347
0.786891996860504 0.0982353016734123
0.803740978240967 0.0993380025029182
0.820585012435913 0.100445002317429
0.837422013282776 0.101554997265339
0.854252994060516 0.10266900062561
0.871078014373779 0.103786997497082
0.887896001338959 0.104909002780914
0.904708027839661 0.106035001575947
0.921512007713318 0.10716400295496
0.938310027122498 0.108298003673553
0.955099999904633 0.109435997903347
0.971881985664368 0.110578000545502
0.988658010959625 0.111723996698856
1.00541996955872 0.112874999642372
1.02217996120453 0.114030003547668
1.03893995285034 0.115189000964165
1.0556800365448 0.116351999342442
1.07240998744965 0.117519997060299
1.08914005756378 0.118692003190517
1.10584998130798 0.119869001209736
1.12256002426147 0.121050998568535
1.13926005363464 0.122236996889114
1.1559499502182 0.123428001999855
1.17262995243073 0.124623000621796
1.18929994106293 0.125823006033897
1.20595002174377 0.127029001712799
1.22259998321533 0.128239005804062
1.23924005031586 0.129454001784325
1.25585997104645 0.130674004554749
1.27248001098633 0.131899997591972
1.28908002376556 0.133129999041557
1.30567002296448 0.134366005659103
1.32225000858307 0.135607004165649
1.33880996704102 0.136853992938995
1.35536003112793 0.138106003403664
1.37189996242523 0.139363005757332
1.3884299993515 0.1406259983778
1.40494000911713 0.141894996166229
1.42144000530243 0.14316900074482
1.43791997432709 0.14444999396801
1.45439004898071 0.145735993981361
1.4708399772644 0.147027999162674
1.48728001117706 0.148325994610786
1.50370001792908 0.14962999522686
1.52009999752045 0.150940999388695
1.53648996353149 0.152257993817329
1.55285000801086 0.153580993413925
1.56921005249023 0.154909998178482
1.58554005622864 0.1562460064888
1.6018500328064 0.157589003443718
1.61813998222351 0.158939003944397
1.63442003726959 0.160294994711876
1.65067005157471 0.161658003926277
1.66690003871918 0.163028001785278
1.683109998703 0.164405003190041
1.69930005073547 0.165788993239403
1.71546995639801 0.167181000113487
1.73160994052887 0.168579995632172
1.74773001670837 0.169985994696617
1.76382005214691 0.171399995684624
1.77988994121552 0.172821998596191
1.79593002796173 0.17425100505352
1.81193995475769 0.175687998533249
1.82792997360229 0.177132993936539
1.84388995170593 0.178587004542351
1.85982000827789 0.180048003792763
1.87572002410889 0.181518003344536
1.89157998561859 0.18299600481987
1.90742003917694 0.184481993317604
1.923220038414 0.18597699701786
1.9389899969101 0.187481001019478
1.95473003387451 0.188994005322456
1.97043001651764 0.190515995025635
1.98608994483948 0.192046001553535
2.00171995162964 0.193586006760597
2.01729989051819 0.195134997367859
2.03285002708435 0.196694001555443
2.04836010932922 0.198262006044388
2.06381988525391 0.199838995933533
2.07924008369446 0.201425999403
2.09461998939514 0.203023999929428
2.10995006561279 0.204631000757217
2.12523007392883 0.206248000264168
2.14046001434326 0.207874998450279
2.1556499004364 0.209512993693352
2.17077994346619 0.211161002516747
2.18585991859436 0.212819993495941
2.20088005065918 0.214488998055458
2.21585011482239 0.216168999671936
2.23076009750366 0.217859998345375
2.245609998703 0.219560995697975
2.26040005683899 0.221274003386497
2.27513003349304 0.22299799323082
2.28978991508484 0.224732995033264
2.30438995361328 0.22647899389267
2.31890988349915 0.228237003087997
2.33336997032166 0.230005994439125
2.34774994850159 0.231786996126175
2.36206007003784 0.233579993247986
2.37629008293152 0.235384002327919
2.39045000076294 0.237200006842613
2.40452003479004 0.239026993513107
2.41850996017456 0.240867003798485
2.43242001533508 0.242717996239662
2.44622993469238 0.244581997394562
2.45995998382568 0.246456995606422
2.47359991073608 0.248344004154205
2.48713994026184 0.250243008136749
2.50058007240295 0.252155005931854
2.51393008232117 0.25407800078392
2.52716994285583 0.256013005971909
2.54030990600586 0.257959991693497
2.55333995819092 0.259918987751007
2.56626009941101 0.261889010667801
2.57907009124756 0.263871997594833
2.59176993370056 0.265866011381149
2.60434007644653 0.267872005701065
2.61680006980896 0.269888997077942
2.62913990020752 0.27191698551178
2.64136004447937 0.273957014083862
2.65345001220703 0.276008009910583
2.66540002822876 0.278068989515305
2.67722988128662 0.28014200925827
2.68893003463745 0.282225012779236
2.70048999786377 0.284318000078201
2.71191000938416 0.28642201423645
2.72319006919861 0.288536012172699
2.73432993888855 0.290659010410309
2.74533009529114 0.292791992425919
2.75619006156921 0.294934004545212
2.76689004898071 0.297084987163544
2.77745008468628 0.299243986606598
2.78785991668701 0.301411986351013
2.79812002182007 0.30358898639679
2.80822992324829 0.305772006511688
2.81818008422852 0.307963997125626
2.82798004150391 0.310162991285324
2.83763003349304 0.312368005514145
2.8471200466156 0.314579993486404
2.85645008087158 0.316798001527786
2.86562991142273 0.319021999835968
2.8746600151062 0.32125198841095
2.88351988792419 0.323486000299454
2.89224004745483 0.325726002454758
2.90079998970032 0.327969998121262
2.90919995307922 0.330217987298965
2.91744995117188 0.332469999790192
2.92554998397827 0.334726005792618
2.93350005149841 0.336984992027283
2.9412899017334 0.339246988296509
2.94894003868103 0.341511011123657
2.95643997192383 0.343777000904083
2.96378993988037 0.34604600071907
2.97099995613098 0.348316013813019
2.97806000709534 0.350587010383606
2.9849898815155 0.352860003709793
2.99177002906799 0.35513299703598
2.99842000007629 0.357407003641129
3.00494003295898 0.359681010246277
3.01132011413574 0.361956000328064
3.01757001876831 0.364230006933212
3.02103996276855 0.365512013435364
3.02710008621216 0.36778599023819
3.03303003311157 0.370059013366699
3.03885006904602 0.372330993413925
3.04453992843628 0.374601989984512
3.05012011528015 0.376872003078461
3.0555899143219 0.379139989614487
3.06095004081726 0.381406992673874
3.0662100315094 0.383673012256622
3.07136011123657 0.385935992002487
3.07641005516052 0.388197988271713
3.08136010169983 0.390457987785339
3.08622002601624 0.392715007066727
3.09099006652832 0.394969999790192
3.09412002563477 0.396472990512848
3.09618997573853 0.397473007440567
3.09754991531372 0.398140013217926
3.09845995903015 0.398584991693497
3.09906005859375 0.398880988359451
3.09946990013123 0.399078994989395
3.09999990463257 0.399342000484467
3.09999990463257 0.399342000484467
3.10052990913391 0.399605005979538
3.10092997550964 0.399803012609482
3.10153007507324 0.400099009275436
3.10242009162903 0.400543004274368
3.10376000404358 0.401208996772766
3.10574007034302 0.402208000421524
3.10870003700256 0.40370500087738
3.11305999755859 0.405948013067245
3.11735010147095 0.408187985420227
3.12157011032104 0.410425990819931
3.12573003768921 0.412660986185074
3.12981009483337 0.414894014596939
3.13384008407593 0.41712298989296
3.13779997825623 0.419349998235703
3.14171004295349 0.421573996543884
3.14557003974915 0.423795014619827
3.15124988555908 0.427121013402939
3.15684008598328 0.430440008640289
3.16231989860535 0.43375301361084
3.167720079422 0.437058985233307
3.17303991317749 0.440358996391296
3.17828989028931 0.443652004003525
3.18347001075745 0.446938008069992
3.19114995002747 0.45185598731041
3.19872999191284 0.456759989261627
3.20624995231628 0.461649000644684
3.21743988990784 0.468957006931305
3.23422002792358 0.479862004518509
3.2538800239563 0.492386996746063
3.27415990829468 0.50482702255249
3.29537010192871 0.517185986042023
3.31778001785278 0.529465973377228
3.34163999557495 0.541667997837067
3.36715006828308 0.553793013095856
3.39447999000549 0.565838992595673
3.42378997802734 0.577804028987885
3.45516991615295 0.589686989784241
3.48873996734619 0.601484000682831
3.52453994750977 0.61319100856781
3.56260991096497 0.624804973602295
3.60297989845276 0.636322021484375
3.6456298828125 0.647737979888916
3.69056010246277 0.659049987792969
3.73773002624512 0.67025500535965
3.78709006309509 0.681348979473114
3.8385899066925 0.692332029342651
3.89214992523193 0.703199982643127
3.94772005081177 0.713953018188477
4.00521993637085 0.724590003490448
4.06455993652344 0.735109984874725
4.12566995620728 0.745514988899231
4.18847990036011 0.755804002285004
4.25290012359619 0.76597797870636
4.31885004043579 0.776040017604828
4.38626003265381 0.785988986492157
4.45506000518799 0.795828998088837
4.52516984939575 0.805562019348145
4.59652996063232 0.815187990665436
4.66907978057861 0.8247110247612
4.74275016784668 0.834133982658386
4.81748008728027 0.843457996845245
4.85863018035889 0.848497986793518
4.93489980697632 0.857675015926361
5.01209020614624 0.866760015487671
5.09016990661621 0.87575501203537
5.16907978057861 0.884662985801697
5.24878978729248 0.893486976623535
5.3292498588562 0.902227997779846
5.41041994094849 0.910889983177185
5.49226999282837 0.919474005699158
5.57476997375488 0.927983999252319
5.65788984298706 0.936420023441315
5.74159002304077 0.944786012172699
5.82583999633789 0.953082978725433
5.91063022613525 0.961313009262085
5.99592018127441 0.969479024410248
6.08169984817505 0.977581977844238
