4.85863018035889 0.848497986793518
4.85863018035889 0.848231017589569
4.85863018035889 0.847963988780975
4.85863018035889 0.847696006298065
4.85863018035889 0.847428977489471
4.85862016677856 0.847162008285522
4.85863018035889 0.847149014472961
4.85863018035889 0.8471360206604
4.85863018035889 0.847123980522156
4.85863018035889 0.847097992897034
4.85863018035889 0.847047984600067
4.85863018035889 0.84697300195694
4.85863018035889 0.846859991550446
4.85863018035889 0.846691012382507
4.85862016677856 0.846437990665436
4.85862016677856 0.846170008182526
4.85862016677856 0.845409989356995
4.85861015319824 0.844649016857147
4.85860013961792 0.843890011310577
4.8585901260376 0.843129992485046
4.85857009887695 0.842369973659515
4.85855007171631 0.841234028339386
4.85851001739502 0.839525997638702
4.85842990875244 0.836966991424561
4.85828018188477 0.833139002323151
4.85812997817993 0.830268979072571
4.85787010192871 0.825968980789185
4.85762977600098 0.822785019874573
4.85722017288208 0.817966997623444
4.85697984695435 0.815562009811401
4.85659980773926 0.811928987503052
4.85618019104004 0.808341026306152
4.85547018051147 0.802973985671997
4.85467004776001 0.797601997852325
4.85378980636597 0.792270004749298
4.85229015350342 0.784309029579163
4.85059022903442 0.776392996311188
4.84965991973877 0.772432029247284
4.84868001937866 0.768482983112335
4.84712982177734 0.762549996376038
4.84457015991211 0.753747999668121
4.84177017211914 0.74500697851181
4.84027004241943 0.740751981735229
4.83870983123779 0.736414015293121
4.83750009536743 0.733170986175537
4.83560991287231 0.728357017040253
4.83464002609253 0.725956976413727
4.83413982391357 0.724758982658386
4.83407020568848 0.724481999874115
4.83388996124268 0.724031984806061
4.83370018005371 0.72358101606369
4.83350992202759 0.723142027854919
4.83332014083862 0.722692012786865
4.83304023742676 0.722015976905823
4.83274984359741 0.721406996250153
4.83245992660522 0.720731019973755
4.83202981948853 0.719717979431152
4.83180999755859 0.71934700012207
4.83148002624512 0.718595027923584
4.83115005493164 0.717842996120453
4.83081007003784 0.716910004615784
4.83048009872437 0.716153979301453
4.82996988296509 0.71501898765564
4.82946014404297 0.713953018188477
4.82868003845215 0.712253987789154
4.82788991928101 0.710557997226715
4.82708978652954 0.708899974822998
4.82629013061523 0.70720899105072
4.82546997070313 0.70551997423172
4.82463979721069 0.703917980194092
4.8238000869751 0.702234029769897
4.82294988632202 0.700551986694336
4.82209014892578 0.699021995067596
4.82121992111206 0.69734400510788
4.82034015655518 0.69566798210144
4.81899976730347 0.693257987499237
4.81763982772827 0.690789997577667
4.81625986099243 0.688328981399536
4.81484985351563 0.685593008995056
4.81268978118896 0.681909024715424
4.81048011779785 0.678238987922668
4.80821990966797 0.67435497045517
4.80591011047363 0.670696020126343
4.80354022979736 0.66705197095871
4.80111980438232 0.663403987884521
4.79863977432251 0.659784972667694
4.79483985900879 0.654388010501862
4.78684997558594 0.64370197057724
4.78684997558594 0.643696010112762
4.77837991714478 0.633129000663757
4.77395009994507 0.62780898809433
4.76941013336182 0.622592985630035
4.76473999023438 0.617410004138947
4.75504016876221 0.607288002967834
4.74476003646851 0.5971639752388
4.73399019241333 0.587162017822266
4.73260021209717 0.585685014724731
4.73191022872925 0.585062980651855
4.7318902015686 0.585048973560333
4.73186016082764 0.585129022598267
4.73184013366699 0.585115015506744
4.73182010650635 0.585093021392822
4.73179006576538 0.584976971149445
4.73177003860474 0.584954977035522
4.73172998428345 0.584923028945923
4.73165988922119 0.584919989109039
4.7315502166748 0.584821999073029
4.73137998580933 0.584674000740051
4.73114013671875 0.584453999996185
4.73100996017456 0.584343016147614
4.7308201789856 0.584177017211914
4.73053979873657 0.583881974220276
4.73012018203735 0.583509027957916
4.72948980331421 0.582949995994568
4.72853994369507 0.582100987434387
4.72709989547729 0.580846011638641
4.7256498336792 0.579591989517212
4.7241997718811 0.578485012054443
4.72274017333984 0.577234029769897
4.72126007080078 0.575985014438629
4.72052001953125 0.575388014316559
4.71977996826172 0.574765026569366
4.71903991699219 0.574141979217529
4.71828985214233 0.573566973209381
4.71716976165771 0.572634994983673
4.71604013442993 0.571703970432281
4.71491003036499 0.570783019065857
4.71376991271973 0.569857001304626
4.71261978149414 0.568933010101318
4.71147012710571 0.568018019199371
4.70974016189575 0.566635012626648
4.70800018310547 0.565253973007202
4.70624017715454 0.563870012760162
4.70447015762329 0.562489986419678
4.70269012451172 0.561112999916077
4.70090007781982 0.559639990329742
4.69999980926514 0.558955013751984
4.69910001754761 0.558270990848541
4.69819021224976 0.557667970657349
4.6968297958374 0.556643009185791
4.69545984268188 0.555620014667511
4.69407987594604 0.554517984390259
4.69268989562988 0.553498029708862
4.69059991836548 0.5519700050354
4.68743991851807 0.549686014652252
4.68263006210327 0.546268999576569
4.67527008056641 0.541171014308929
4.66388988494873 0.533510029315948
4.66315984725952 0.533038973808289
4.66288995742798 0.53286200761795
4.66262006759644 0.532616972923279
4.66235017776489 0.532441020011902
4.66220998764038 0.532352983951569
4.66206979751587 0.532446026802063
4.66194009780884 0.53235799074173
4.66179990768433 0.53226900100708
4.66166019439697 0.532229006290436
4.66145992279053 0.532096982002258
4.66125011444092 0.531965017318726
4.66104984283447 0.531822979450226
4.66084003448486 0.531691014766693
4.66063976287842 0.531557977199554
4.66032981872559 0.531364023685455
4.65986013412476 0.53106701374054
4.65939998626709 0.530770003795624
4.6589298248291 0.530414998531342
4.65823984146118 0.529969990253448
4.65753984451294 0.529525995254517
4.6568398475647 0.529012978076935
4.65612983703613 0.528568983078003
4.65542984008789 0.528126001358032
4.65471982955933 0.527611017227173
4.65401983261108 0.527167975902557
4.65330982208252 0.526724994182587
4.65259981155396 0.526283979415894
4.65223979949951 0.526063024997711
4.65188980102539 0.525842010974884
4.65152978897095 0.525619983673096
4.6511697769165 0.525399029254913
4.65080976486206 0.525177001953125
4.6502799987793 0.524811983108521
4.64974021911621 0.524479985237122
4.64893007278442 0.523984014987946
4.6477198600769 0.523274004459381
4.64589023590088 0.52216100692749
4.64312982559204 0.520494997501373
4.63893985748291 0.518091976642609
4.63256978988647 0.514376997947693
4.62280988693237 0.508848011493683
4.60767984390259 0.500680983066559
4.59196996688843 0.49253898859024
4.58388996124268 0.488510012626648
4.57566022872925 0.484524011611938
4.56727981567383 0.480554014444351
4.55441999435425 0.474655002355576
4.54122018814087 0.46901199221611
4.52767992019653 0.46323099732399
4.51379013061523 0.457524001598358
4.51202011108398 0.456723004579544
4.51025009155273 0.456025004386902
4.50936985015869 0.455677002668381
4.50848007202148 0.455300986766815
4.50759983062744 0.454950004816055
4.50671005249023 0.454600006341934
4.50537014007568 0.454207986593246
4.5033597946167 0.453417003154755
4.50032997131348 0.452235013246536
4.49729013442993 0.451054006814957
4.49269008636475 0.449292004108429
4.48573017120361 0.44666400551796
4.4822301864624 0.445439010858536
4.48133993148804 0.445111989974976
4.48002004623413 0.444620996713638
4.47870016098022 0.444133996963501
4.47736978530884 0.443645000457764
4.47537994384766 0.442914009094238
4.47337007522583 0.442200988531113
4.47299003601074 0.442063987255096
4.47280979156494 0.44199600815773
4.47267007827759 0.441969007253647
4.47245979309082 0.441891998052597
4.47213983535767 0.441776990890503
4.47166013717651 0.441608995199203
4.47094011306763 0.441348999738693
4.46987009048462 0.440959990024567
4.46824979782104 0.440398991107941
4.46581983566284 0.439527004957199
4.46216011047363 0.438221991062164
4.45662021636963 0.436356008052826
4.44823980331421 0.433449000120163
4.43548011779785 0.429136008024216
4.41592979431152 0.422946989536285
4.39589977264404 0.416684001684189
4.37541007995605 0.410566002130508
4.35447978973389 0.404578000307083
4.33311986923218 0.398795992136002
4.31135988235474 0.39317399263382
4.28920984268188 0.387672007083893
4.26670980453491 0.382201999425888
4.24386978149414 0.376899003982544
4.22071981430054 0.371870011091232
4.19727993011475 0.36675500869751
4.17358016967773 0.361808985471725
4.14965009689331 0.357109993696213
4.12550020217896 0.352371007204056
4.1011700630188 0.347800999879837
4.07667016983032 0.343365997076035
4.05202007293701 0.33909198641777
4.02725982666016 0.334982991218567
4.00239992141724 0.330698013305664
3.97745990753174 0.326725989580154
3.95246005058289 0.322914004325867
3.92741990089417 0.318969011306763
3.90235996246338 0.315230995416641
3.87729001045227 0.311648994684219
3.85223007202148 0.308064013719559
3.82719993591309 0.304681986570358
3.80222010612488 0.301449000835419
3.77729988098145 0.298245012760162
3.75244998931885 0.294972985982895
3.72768998146057 0.291664987802505
3.70303988456726 0.288758009672165
3.6784999370575 0.285786986351013
3.65409994125366 0.28269100189209
3.62983989715576 0.279859989881516
3.60575008392334 0.277253001928329
3.58183002471924 0.274426013231277
3.558109998703 0.271833002567291
3.53457999229431 0.269243985414505
3.51128005981445 0.266557991504669
3.48820996284485 0.264037013053894
3.46539998054504 0.261741995811462
3.44285011291504 0.259588986635208
3.42057991027832 0.257061988115311
3.39861989021301 0.254810988903046
3.37697005271912 0.252712994813919
3.35565996170044 0.250591993331909
3.33470010757446 0.248570993542671
3.314120054245 0.246705994009972
3.29394006729126 0.244890004396439
3.27417993545532 0.242908999323845
3.25484991073608 0.241097003221512
3.23599004745483 0.239622995257378
3.21762990951538 0.238030999898911
3.19976997375488 0.236269995570183
3.18246006965637 0.235034003853798
3.16571998596191 0.233375996351242
3.14956998825073 0.23191000521183
3.13404989242554 0.230685994029045
3.11918997764587 0.229644998908043
3.10501003265381 0.228789001703262
3.09154009819031 0.227588996291161
3.07880997657776 0.226418003439903
3.06684994697571 0.225461006164551
3.05569005012512 0.224791005253792
3.04533004760742 0.224029004573822
3.03579998016357 0.223478004336357
3.02711009979248 0.222988992929459
3.0192699432373 0.222604006528854
3.01225996017456 0.222418993711472
3.00606989860535 0.222207993268967
3.0006799697876 0.222268000245094
2.99604988098145 0.222497001290321
2.99213004112244 0.222356006503105
2.98885989189148 0.222625002264977
2.98617005348206 0.223038002848625
2.98399996757507 0.223909005522728
2.98227000236511 0.224616006016731
2.98091006278992 0.225398004055023
2.97986006736755 0.225727006793022
2.97905993461609 0.226615995168686
2.97846007347107 0.2275730073452
2.97802996635437 0.228484004735947
2.97772002220154 0.229645997285843
2.97750997543335 0.230908006429672
2.97739005088806 0.232212007045746
2.97734999656677 0.233520001173019
2.97733998298645 0.23387099802494
2.97744989395142 0.236947998404503
2.9777500629425 0.240106001496315
2.97822999954224 0.243441998958588
2.97886991500854 0.247061997652054
2.97969007492065 0.251017987728119
2.98071002960205 0.255091995000839
2.98194003105164 0.259171009063721
2.98342990875244 0.263794004917145
2.98521995544434 0.268498003482819
2.98736000061035 0.273721992969513
2.98990988731384 0.27946200966835
2.99293994903564 0.285701990127563
2.99649000167847 0.292955994606018
3.00059008598328 0.30095899105072
3.00514006614685 0.310519009828568
3.00984001159668 0.32184299826622
3.01410007476807 0.335426986217499
3.01694011688232 0.351619005203247
3.01757001876831 0.364098995923996
3.01559996604919 0.342290997505188
3.01055002212524 0.323790013790131
3.00454998016357 0.309228986501694
2.99890995025635 0.297605007886887
2.99408006668091 0.287995010614395
2.99011993408203 0.279982000589371
2.98692989349365 0.272691994905472
2.98436999320984 0.266339004039764
2.98234009742737 0.260506987571716
2.9807300567627 0.255044013261795
2.97947001457214 0.250028997659683
2.97851991653442 0.245250999927521
2.97783994674683 0.240942999720573
2.97744011878967 0.236689001321793
2.97733998298645 0.23403100669384
2.97756004333496 0.230508998036385
2.97836995124817 0.227604001760483
2.98021006584167 0.225363999605179
2.9838399887085 0.223563998937607
2.99032998085022 0.222503006458282
3.00088000297546 0.222590997815132
3.01640009880066 0.222494006156921
3.03730010986328 0.22367000579834
3.06359004974365 0.225686997175217
3.09499001502991 0.227559998631477
3.13107991218567 0.230625003576279
3.17138004302979 0.233897998929024
3.21542000770569 0.237663999199867
3.26276993751526 0.241889998316765
3.3130099773407 0.246629998087883
3.36578011512756 0.251596987247467
3.42075991630554 0.257577985525131
3.47764992713928 0.263359993696213
3.53618001937866 0.269201010465622
3.59611010551453 0.275958001613617
3.6571900844574 0.283127993345261
3.71918988227844 0.290881991386414
3.78188991546631 0.298539012670517
3.84505009651184 0.307051002979279
3.90841007232666 0.316415995359421
3.97171998023987 0.325985014438629
4.03467988967896 0.336064994335175
4.09696006774902 0.347223997116089
4.15820980072021 0.359088987112045
4.21806001663208 0.37117600440979
4.27610015869141 0.384470999240875
4.33194017410278 0.398820012807846
4.38521003723145 0.41363200545311
4.43558979034424 0.429223001003265
4.48284006118774 0.445531010627747
4.52683019638062 0.462673991918564
4.56753015518188 0.480560004711151
4.60497999191284 0.499110013246536
4.63929986953735 0.51826399564743
4.67062997817993 0.537983000278473
4.69913005828857 0.558248996734619
4.7249698638916 0.57905900478363
4.74828004837036 0.600422978401184
4.76918983459473 0.622358977794647
4.78779983520508 0.644883990287781
4.80417013168335 0.668012022972107
4.81835985183716 0.691748023033142
4.83039999008179 0.716081023216248
4.84031009674072 0.740980982780457
4.84808015823364 0.766324996948242
4.85373020172119 0.791903972625732
4.85724020004272 0.818159997463226
4.85861015319824 0.844771027565002
4.85863018035889 0.848493993282318
4.85756015777588 0.821880996227264
4.85756015777588 0.821880996227264
