-0.0561346001923084 3.0023500919342
0.0436697006225586 3.00812005996704
0.143474996089935 3.01388001441956
0.243279993534088 3.01963996887207
0.343086004257202 3.02538990974426
0.442892998456955 3.03114008903503
0.542701005935669 3.0368800163269
0.642507970333099 3.04261994361877
0.742317020893097 3.0483500957489
0.84212601184845 3.05408000946045
0.941936016082764 3.059809923172
1.04174995422363 3.0655300617218
1.14155995845795 3.07123994827271
1.24136996269226 3.07695007324219
1.34117996692657 3.08265995979309
1.44098997116089 3.08836007118225
1.5407999753952 3.09405994415283
1.64061999320984 3.09976005554199
1.74042999744415 3.10544991493225
1.84025001525879 3.11112999916077
1.9400600194931 3.11681008338928
2.03988003730774 3.12248992919922
2.13968992233276 3.12815999984741
2.23951005935669 3.13383007049561
2.33932995796204 3.13949990272522
2.43914008140564 3.14515995979309
2.53895998001099 3.15082001686096
2.63878011703491 3.15647006034851
2.73860001564026 3.16212010383606
2.82956004142761 3.16726994514465
2.89019989967346 3.17069005966187
2.93062996864319 3.17298007011414
2.95758008956909 3.17449998855591
2.97553992271423 3.1755199432373
2.98751997947693 3.17618989944458
2.99351000785828 3.17652988433838
2.99651002883911 3.17670011520386
2.99799990653992 3.17678999900818
3 3.17689990997314
3 3.17689990997314
3.00200009346008 3.17701005935669
3.00348997116089 3.17709994316101
3.00648999214172 3.17725992202759
3.01248002052307 3.17759990692139
3.02446007728577 3.17828011512756
3.04241991043091 3.17929005622864
3.06938004493713 3.18081998825073
3.10980010032654 3.18309998512268
3.17043995857239 3.18652009963989
3.26140999794006 3.19164991378784
3.36122989654541 3.19727993011475
3.46105003356934 3.20289993286133
3.56086993217468 3.20851993560791
3.66069006919861 3.21413993835449
3.76051998138428 3.21974992752075
3.8603401184082 3.22535991668701
3.96016001701355 3.23095989227295
4.05998992919922 3.23656010627747
4.15981006622314 3.2421600818634
4.25964021682739 3.24776005744934
4.35945987701416 3.25335001945496
4.45929002761841 3.25893998146057
4.55911016464233 3.26451992988586
4.65893983840942 3.27010989189148
4.75876998901367 3.27569007873535
4.8585901260376 3.28126001358032
4.95841979980469 3.28682994842529
5.05824995040894 3.29239988327026
