1.01573002338409 0.438731014728546
1.01575005054474 0.438755989074707
1.01576995849609 0.43878099322319
1.01579999923706 0.438805997371674
1.01582002639771 0.438832014799118
1.01584005355835 0.438856989145279
1.0158599615097 0.438881993293762
1.01587998867035 0.438908010721207
1.01590001583099 0.43893301486969
1.01592004299164 0.438959002494812
1.01594996452332 0.438984006643295
1.01596999168396 0.439009994268417
1.0159900188446 0.439036011695862
1.01601004600525 0.439060986042023
1.0160299539566 0.439087003469467
1.01605999469757 0.439112991094589
1.01608002185822 0.439139008522034
1.01610004901886 0.439164996147156
1.01611995697021 0.439191997051239
1.01613998413086 0.439218014478683
1.01617002487183 0.439244002103806
1.01619005203247 0.439271003007889
1.01620995998383 0.439296990633011
1.01622998714447 0.439323991537094
1.01626002788544 0.439350008964539
1.01628005504608 0.439377009868622
1.01629996299744 0.439404010772705
1.01631999015808 0.439429998397827
1.01635003089905 0.43945699930191
1.01637005805969 0.439484000205994
1.01638996601105 0.439511001110077
1.01642000675201 0.439538985490799
1.01644003391266 0.439565986394882
1.01645994186401 0.439592987298965
1.01647996902466 0.43962100148201
1.01651000976563 0.439648002386093
1.01653003692627 0.439675986766815
1.01654994487762 0.439702987670898
1.01657998561859 0.439731001853943
1.01660001277924 0.439758986234665
1.0166300535202 0.439785987138748
1.01664996147156 0.439814001321793
1.0166699886322 0.439841985702515
1.01670002937317 0.439869999885559
1.01672005653381 0.439898997545242
1.01673996448517 0.439927011728287
1.01677000522614 0.439954996109009
1.01679003238678 0.439983993768692
1.01681995391846 0.440012007951736
1.0168399810791 0.44004100561142
1.01686000823975 0.440068989992142
1.01689004898071 0.440097987651825
1.01690995693207 0.440126985311508
1.01693999767303 0.440156012773514
1.01696002483368 0.440185010433197
1.01698994636536 0.44021400809288
1.017009973526 0.440243005752563
1.01704001426697 0.440272003412247
1.01706004142761 0.440302014350891
1.01708996295929 0.440331012010574
1.01710999011993 0.440360009670258
1.0171400308609 0.44038999080658
1.01716005802155 0.440420001745224
1.01718997955322 0.440448999404907
1.01721000671387 0.440479010343552
1.01724004745483 0.440508991479874
1.01725995540619 0.440539002418518
1.01728999614716 0.440569013357162
1.0173100233078 0.440600007772446
1.01733994483948 0.440629988908768
1.01736998558044 0.440659999847412
1.01739001274109 0.440690994262695
1.01742005348206 0.44072100520134
1.01743996143341 0.440751999616623
1.01747000217438 0.440782994031906
1.01750004291534 0.440813004970551
1.0175199508667 0.440843999385834
1.01754999160767 0.440874993801117
1.01757001876831 0.4409059882164
1.01760005950928 0.440937995910645
1.01762998104095 0.440968990325928
1.0176500082016 0.441000014543533
1.01768004894257 0.441031992435455
1.01770997047424 0.441062986850739
1.01772999763489 0.441094994544983
1.01776003837585 0.441127002239227
1.01778995990753 0.44115799665451
1.01780998706818 0.441190004348755
1.01784002780914 0.441222012042999
1.01786994934082 0.441255003213882
1.01789999008179 0.441287010908127
1.01792001724243 0.441318988800049
1.0179500579834 0.441352009773254
1.01797997951508 0.441383987665176
1.01801002025604 0.441417008638382
1.01803004741669 0.441448986530304
1.01805996894836 0.44148200750351
1.01809000968933 0.441514998674393
1.0181200504303 0.441547989845276
1.01814997196198 0.441581010818481
1.01816999912262 0.441614001989365
1.01820003986359 0.441648006439209
1.01822996139526 0.441680997610092
1.01826000213623 0.441715002059937
1.0182900428772 0.44174799323082
1.01831996440887 0.441781997680664
1.01833999156952 0.441816002130508
1.01837003231049 0.441850006580353
1.01839995384216 0.441884011030197
1.01842999458313 0.441917985677719
1.0184600353241 0.441951990127563
1.01848995685577 0.441985994577408
1.01851999759674 0.442021012306213
1.01855003833771 0.442054986953735
1.01857995986938 0.442090004682541
1.01861000061035 0.442124992609024
1.01864004135132 0.44216001033783
1.018669962883 0.442194014787674
1.01870000362396 0.442229986190796
1.01873004436493 0.442265003919601
1.01875996589661 0.442299991846085
1.01879000663757 0.44233500957489
1.01882004737854 0.442371010780334
1.01884996891022 0.442407011985779
1.01888000965118 0.442441999912262
1.01891005039215 0.442478001117706
1.01893997192383 0.442514002323151
1.01897001266479 0.442550003528595
1.01900005340576 0.442586004734039
1.01902997493744 0.442622989416122
1.01906001567841 0.442658990621567
1.01909005641937 0.442696005105972
1.01911997795105 0.442732006311417
1.01915001869202 0.4427689909935
1.01918005943298 0.442806005477905
1.01921999454498 0.442842990159988
1.01925003528595 0.442880004644394
1.01927995681763 0.442916989326477
1.01930999755859 0.442954003810883
1.01934003829956 0.442992001771927
1.01936995983124 0.44302898645401
1.01941001415253 0.443067014217377
1.01944005489349 0.443105012178421
1.01946997642517 0.443143010139465
1.01950001716614 0.44318100810051
1.0195300579071 0.443219006061554
1.0195699930191 0.443257004022598
1.01960003376007 0.443295985460281
1.01962995529175 0.443334013223648
1.01965999603271 0.443372994661331
1.019700050354 0.443410992622375
1.01972997188568 0.443450003862381
1.01976001262665 0.443488985300064
1.01979994773865 0.44352799654007
1.01982998847961 0.443567991256714
1.01986002922058 0.443607002496719
1.01989996433258 0.443646997213364
1.01993000507355 0.443686008453369
1.01996004581451 0.443726003170013
1.01999998092651 0.443765997886658
1.02003002166748 0.443805992603302
1.02006995677948 0.443845987319946
1.02009999752045 0.443886011838913
1.02013003826141 0.443926990032196
1.02016997337341 0.443967014551163
1.02020001411438 0.444007992744446
1.02023994922638 0.444049000740051
1.02026998996735 0.444090008735657
1.02031004428864 0.44413098692894
1.02033996582031 0.444171994924545
1.0203800201416 0.444213002920151
1.02040994167328 0.444254994392395
1.02044999599457 0.444296002388
1.02048003673553 0.444337993860245
1.02051997184753 0.444379985332489
1.0205500125885 0.444422006607056
1.0205899477005 0.4444639980793
1.02063000202179 0.444505989551544
1.02066004276276 0.44454899430275
1.02069997787476 0.444590985774994
1.02073001861572 0.444633990526199
1.02076995372772 0.444676995277405
1.02081000804901 0.44472000002861
1.02084004878998 0.444763004779816
1.02087998390198 0.444806009531021
1.02092003822327 0.444849997758865
1.02094995975494 0.444893002510071
1.02099001407623 0.444936990737915
1.02102994918823 0.444981008768082
1.02107000350952 0.445024996995926
1.02110004425049 0.44506898522377
1.02113997936249 0.445113003253937
1.02118003368378 0.445158004760742
1.02121996879578 0.445201992988586
1.02125000953674 0.445246994495392
1.02128994464874 0.445291996002197
1.02132999897003 0.445336997509003
1.02137005329132 0.445381999015808
1.02140998840332 0.445427000522614
1.02145004272461 0.445472985506058
1.02148997783661 0.445517987012863
1.02152001857758 0.44556400179863
1.02155995368958 0.445609986782074
1.02160000801086 0.445656001567841
1.02163994312286 0.445702999830246
1.02167999744415 0.445749014616013
1.02172005176544 0.445796012878418
1.02175998687744 0.445841997861862
1.02180004119873 0.445888996124268
1.02183997631073 0.445935994386673
1.02188003063202 0.445982992649078
1.02191996574402 0.446031004190445
1.02196002006531 0.44607800245285
1.02199995517731 0.446126013994217
1.0220400094986 0.446173995733261
1.0220799446106 0.446222007274628
1.02211999893188 0.446269989013672
1.02216005325317 0.446318000555038
1.0222100019455 0.446366995573044
1.02225005626678 0.44641500711441
1.02228999137878 0.446464002132416
1.02233004570007 0.446512997150421
1.02236998081207 0.446561992168427
1.02241003513336 0.446612000465393
1.02245998382568 0.446660995483398
1.02250003814697 0.446711003780365
1.02253997325897 0.446761012077332
1.02258002758026 0.446810990571976
1.02261996269226 0.446860998868942
1.02267003059387 0.446911007165909
1.02270996570587 0.446961998939514
1.02275002002716 0.44701299071312
1.02279996871948 0.447064012289047
1.02284002304077 0.447115004062653
1.02287995815277 0.447165995836258
1.02293002605438 0.447216987609863
1.02296996116638 0.44726899266243
1.02302002906799 0.447320997714996
1.02305996417999 0.447373002767563
1.02310001850128 0.447425007820129
1.0231499671936 0.447477012872696
1.02319002151489 0.447530001401901
1.02323997020721 0.447582989931107
1.0232800245285 0.447634994983673
1.02332997322083 0.44768899679184
1.02337002754211 0.447741985321045
1.02341997623444 0.447795003652573
1.02346003055573 0.447849005460739
1.02350997924805 0.447903007268906
1.02356004714966 0.447957009077072
1.02359998226166 0.448011010885239
1.02365005016327 0.448065012693405
1.02368998527527 0.44811999797821
1.02374005317688 0.448175013065338
1.0237900018692 0.448229998350143
1.02383005619049 0.448285013437271
1.02388000488281 0.448341012001038
1.02392995357513 0.448395997285843
1.02398002147675 0.448451995849609
1.02401995658875 0.448507994413376
1.02407002449036 0.448563992977142
1.02411997318268 0.44862100481987
1.02417004108429 0.448677003383636
1.02421998977661 0.448733985424042
1.0242600440979 0.448790997266769
1.02430999279022 0.448848009109497
1.02435994148254 0.448906004428864
1.02441000938416 0.448962986469269
1.02445995807648 0.449021011590958
1.02451002597809 0.449079006910324
1.02455997467041 0.449137002229691
1.02461004257202 0.449196010828018
1.02465999126434 0.449254989624023
1.02471005916595 0.449313998222351
1.02476000785828 0.449373006820679
1.0248099565506 0.449431985616684
1.02486002445221 0.449492007493973
1.02490997314453 0.449550986289978
1.02496004104614 0.449611008167267
1.02500998973846 0.449672013521194
1.02506005764008 0.449732005596161
1.02512001991272 0.449793010950089
1.02516996860504 0.449853986501694
1.02522003650665 0.449914991855621
1.02526998519897 0.449975997209549
1.02532005310059 0.450037986040115
1.02538001537323 0.450098991394043
1.02542996406555 0.450161010026932
1.02548003196716 0.450224012136459
1.02552998065948 0.450286000967026
1.02558994293213 0.450349003076553
1.02564001083374 0.450412005186081
1.02569997310638 0.450475007295609
1.025750041008 0.450538009405136
1.02579998970032 0.450601994991302
1.02585995197296 0.450666010379791
1.02591001987457 0.450729995965958
1.02596998214722 0.450794994831085
1.02602005004883 0.450859010219574
1.02608001232147 0.450924009084702
1.02612996101379 0.450989007949829
1.02619004249573 0.451054990291595
1.02623999118805 0.451119989156723
1.02629995346069 0.451186001300812
1.02636003494263 0.451252013444901
1.02640998363495 0.451319009065628
1.02646994590759 0.451384991407394
1.02653002738953 0.451451987028122
1.02657997608185 0.451519012451172
1.02664005756378 0.451586991548538
1.02670001983643 0.451653987169266
1.02675998210907 0.451721996068954
1.02681005001068 0.451790004968643
1.02687001228333 0.451858997344971
1.02692997455597 0.451927006244659
1.0269900560379 0.451995998620987
1.02705001831055 0.452066004276276
1.02710998058319 0.452134996652603
1.02716994285583 0.452205002307892
1.02723002433777 0.452275007963181
1.02728998661041 0.452345013618469
1.02734994888306 0.452416002750397
1.02741003036499 0.452486991882324
1.02746999263763 0.452558010816574
1.02752995491028 0.452628999948502
1.02759003639221 0.45270100235939
1.02764999866486 0.452773004770279
1.0277099609375 0.452845007181168
1.02777004241943 0.452917993068695
1.02783000469208 0.452989995479584
1.02789998054504 0.453063011169434
1.02795994281769 0.453137010335922
1.02802002429962 0.45320999622345
1.02809000015259 0.453283995389938
1.02814996242523 0.453359007835388
1.02821004390717 0.453433007001877
1.02828001976013 0.453507989645004
1.02833998203278 0.453583002090454
1.02839994430542 0.453658998012543
1.02847003936768 0.453734010457993
1.02853000164032 0.453810006380081
1.02859997749329 0.453886985778809
1.02866005897522 0.45396301150322
1.02873003482819 0.454039990901947
1.02878999710083 0.454118013381958
1.0288599729538 0.454194992780685
1.02892994880676 0.454272985458374
1.0289900302887 0.454351007938385
1.02906000614166 0.454430013895035
1.02912998199463 0.454508990049362
1.02918994426727 0.454587996006012
1.02926003932953 0.454667001962662
1.0293300151825 0.45474699139595
1.02939999103546 0.454827010631561
1.02946996688843 0.454908013343811
1.02953994274139 0.4549880027771
1.02960002422333 0.455069005489349
1.02967000007629 0.455150991678238
1.02973997592926 0.455233007669449
1.02980995178223 0.455314993858337
1.02988004684448 0.455397009849548
1.02995002269745 0.455480009317398
1.03003001213074 0.455563008785248
1.0300999879837 0.455646008253098
1.03016996383667 0.455729991197586
1.03024005889893 0.455814003944397
1.03031003475189 0.455899000167847
1.03038001060486 0.455983996391296
1.03046000003815 0.456068992614746
1.03052997589111 0.456153988838196
1.03059995174408 0.456239998340607
1.03067994117737 0.456326007843018
1.03075003623962 0.456413000822067
1.03082001209259 0.456499993801117
1.03090000152588 0.456586986780167
1.03096997737885 0.456674993038177
1.03104996681213 0.456762999296188
1.0311199426651 0.456851005554199
1.03120005130768 0.456939995288849
1.03127002716064 0.457029014825821
1.03135001659393 0.457118988037109
1.03143000602722 0.45720899105072
1.03149998188019 0.457298994064331
1.03157997131348 0.457390010356903
1.03165996074677 0.457480996847153
1.03173995018005 0.457572013139725
1.03182005882263 0.457664012908936
1.0318900346756 0.457756012678146
1.03197002410889 0.457848995923996
1.03205001354218 0.457942008972168
1.03213000297546 0.458034992218018
1.03220999240875 0.458128988742828
1.03228998184204 0.458222985267639
1.03236997127533 0.458317995071411
1.03244996070862 0.458413004875183
1.03253996372223 0.458508014678955
1.03261995315552 0.458604007959366
1.03269994258881 0.458700001239777
1.03278005123138 0.458797007799149
1.03286004066467 0.458894014358521
1.03295004367828 0.45899099111557
1.03303003311157 0.459089010953903
1.03311002254486 0.459188014268875
1.03320002555847 0.459286004304886
1.03328001499176 0.459385991096497
1.03337001800537 0.459484994411469
1.03345000743866 0.459585011005402
1.03354001045227 0.459686011075974
1.03363001346588 0.459787011146545
1.03371000289917 0.459888011217117
1.03380000591278 0.459989994764328
1.03389000892639 0.460092008113861
1.03396999835968 0.460195004940033
1.03406000137329 0.460298001766205
1.0341500043869 0.460402011871338
1.03424000740051 0.460505992174149
1.03433001041412 0.460610002279282
1.03442001342773 0.460714995861053
1.03451001644135 0.460821002721786
1.03460001945496 0.46092700958252
1.03469002246857 0.46103298664093
1.03478002548218 0.461140006780624
1.03487002849579 0.461246997117996
1.0349600315094 0.461355000734329
1.03506004810333 0.461463987827301
1.03515005111694 0.461571991443634
1.03524005413055 0.461681991815567
1.0353399515152 0.4617919921875
1.03542995452881 0.461901992559433
1.03551995754242 0.462013006210327
1.03561997413635 0.462123990058899
1.03571999073029 0.462235987186432
1.0358099937439 0.462348014116287
1.03591001033783 0.462460994720459
1.03600001335144 0.462574005126953
1.03610002994537 0.462687999010086
1.03620004653931 0.462801992893219
1.03629994392395 0.462917000055313
1.03639996051788 0.463032990694046
1.03648996353149 0.463149011135101
1.03658998012543 0.463265001773834
1.03668999671936 0.463382005691528
1.03679001331329 0.463499993085861
1.03690004348755 0.463618010282516
1.03699994087219 0.463735997676849
1.03709995746613 0.463854998350143
1.03719997406006 0.463975012302399
1.03729999065399 0.464094996452332
1.03741002082825 0.464215993881226
1.03751003742218 0.464338004589081
1.03761005401611 0.464459985494614
1.03771996498108 0.464581996202469
1.03781998157501 0.464704990386963
1.03793001174927 0.464828997850418
1.03804004192352 0.464953005313873
1.03814005851746 0.465077996253967
1.03824996948242 0.465202987194061
1.03835999965668 0.465328991413116
1.03847002983093 0.465456008911133
1.03857004642487 0.465582996606827
1.03867995738983 0.465710997581482
1.03878998756409 0.465840011835098
1.03890001773834 0.465968996286392
1.0390100479126 0.466098010540009
1.03912997245789 0.466228008270264
1.03924000263214 0.466358989477158
1.0393500328064 0.466491013765335
1.03945994377136 0.46662300825119
1.03957998752594 0.466755986213684
1.0396900177002 0.4668889939785
1.03980994224548 0.467022985219955
1.03991997241974 0.467157989740372
1.04004001617432 0.467292994260788
1.04015004634857 0.467429012060165
1.04026997089386 0.467566013336182
1.04039001464844 0.467703014612198
1.04051005840302 0.467840999364853
1.04061996936798 0.467979997396469
1.04074001312256 0.468118995428085
1.04086005687714 0.468259006738663
1.04097998142242 0.468400001525879
1.041100025177 0.468540996313095
1.04122996330261 0.468683004379272
1.04135000705719 0.468825995922089
1.04147005081177 0.468970000743866
1.04158997535706 0.469114005565643
1.04172003269196 0.469258993864059
1.04183995723724 0.469404011964798
1.04197001457214 0.469550997018814
1.04209005832672 0.469698011875153
1.04221999645233 0.469844996929169
1.04235005378723 0.469994008541107
1.04247999191284 0.470142990350723
1.04260003566742 0.470292985439301
1.04272997379303 0.470443993806839
1.04286003112793 0.470595002174377
1.04298996925354 0.470748007297516
1.04312002658844 0.470901012420654
1.04325997829437 0.471055001020432
1.04339003562927 0.471208989620209
1.04351997375488 0.471363991498947
1.04365003108978 0.471520990133286
1.04378998279572 0.471677988767624
1.04392004013062 0.471834987401962
1.04405999183655 0.471994012594223
1.04419994354248 0.472153007984161
1.04433000087738 0.472312986850739
1.04446995258331 0.472474008798599
1.04461002349854 0.472636014223099
1.04474997520447 0.472799003124237
1.04489004611969 0.472961992025375
1.04502999782562 0.473125994205475
1.04516994953156 0.473291993141174
1.04531002044678 0.473457992076874
1.04545998573303 0.473623991012573
1.04560005664825 0.473791986703873
1.04574000835419 0.473960995674133
1.04588997364044 0.474130004644394
1.04604005813599 0.474301010370255
1.04618000984192 0.474471986293793
1.04632997512817 0.474644005298615
1.04647994041443 0.474817007780075
1.04663002490997 0.474990993738174
1.04677999019623 0.475165992975235
1.04692995548248 0.475340992212296
1.04708003997803 0.475517988204956
1.04723000526428 0.475695997476578
1.04738998413086 0.475874006748199
1.04753994941711 0.476054012775421
1.04769003391266 0.47623398900032
1.04785001277924 0.476415991783142
1.04800999164581 0.476597994565964
1.04815995693207 0.476781994104385
1.04832005500793 0.476965993642807
1.04848003387451 0.47715100646019
1.04864001274109 0.47733798623085
1.04879999160767 0.477524995803833
1.04895997047424 0.477712988853455
1.04912996292114 0.477903008460999
1.04928994178772 0.47809299826622
1.04945003986359 0.478284001350403
1.04962003231049 0.478477001190186
1.04978001117706 0.478670001029968
1.04995000362396 0.478864997625351
1.05011999607086 0.479059994220734
1.05028998851776 0.479256987571716
1.05045998096466 0.47945499420166
1.05062997341156 0.479654014110565
1.05079996585846 0.479853987693787
1.05096995830536 0.480055004358292
1.05114996433258 0.480257004499435
1.05131995677948 0.480459988117218
1.0514999628067 0.480664014816284
1.0516699552536 0.480870008468628
1.05184996128082 0.481076002120972
1.05202996730804 0.481283992528915
1.05220997333527 0.48149299621582
1.05238997936249 0.481703013181686
1.05256998538971 0.48191499710083
1.05274999141693 0.482127010822296
1.05294001102448 0.48234099149704
1.0531200170517 0.482555001974106
1.05331003665924 0.482771992683411
1.05349004268646 0.482989013195038
1.05367994308472 0.483206987380981
1.05386996269226 0.483426988124847
1.0540599822998 0.483648002147675
1.05425000190735 0.483869999647141
1.05444002151489 0.484093993902206
1.05464005470276 0.484319001436234
1.05482995510101 0.484544992446899
1.05502998828888 0.484771996736526
1.05522000789642 0.485000997781754
1.05542004108429 0.485231012105942
1.05561995506287 0.485462009906769
1.05581998825073 0.485695004463196
1.0560200214386 0.485929012298584
1.0562299489975 0.486164003610611
1.05642998218536 0.486400991678238
1.05663001537323 0.486638993024826
1.05683994293213 0.486878991127014
1.05704998970032 0.487118989229202
1.05726003646851 0.487361997365952
1.0574699640274 0.48760598897934
1.05768001079559 0.487850993871689
1.05789005756378 0.488097012042999
1.05809998512268 0.488344997167587
1.05832004547119 0.488595008850098
1.05852997303009 0.488846004009247
1.0587500333786 0.489098012447357
1.05896997451782 0.489351987838745
1.05919003486633 0.489607989788055
1.05940997600555 0.489865005016327
1.05963003635406 0.490123003721237
1.05985999107361 0.490384012460709
1.06008005142212 0.490644991397858
1.06031000614166 0.490907996892929
1.06053996086121 0.4911729991436
1.06077003479004 0.491439998149872
1.06099998950958 0.491708010435104
1.06122994422913 0.491977006196976
1.06147003173828 0.492249011993408
1.06169998645782 0.492522001266479
1.06193995475769 0.492796003818512
1.06218004226685 0.493072986602783
1.06242001056671 0.493351012468338
1.06265997886658 0.493629992008209
1.06289994716644 0.493912011384964
1.0631400346756 0.494195014238358
1.06339001655579 0.494480013847351
1.06363999843597 0.494767010211945
1.06388998031616 0.495054990053177
1.06413996219635 0.495344996452332
1.06438994407654 0.495636999607086
1.06464004516602 0.495930999517441
1.06490004062653 0.496226996183395
1.06516003608704 0.496524006128311
1.06541001796722 0.496823996305466
1.06567001342773 0.497124999761581
1.06594002246857 0.497427999973297
1.06620001792908 0.497734010219574
1.06646001338959 0.49804100394249
1.06673002243042 0.498349994421005
1.06700003147125 0.498661011457443
1.06727004051208 0.498973995447159
1.06754004955292 0.499287992715836
1.06781995296478 0.499605000019073
1.06808996200562 0.499924004077911
1.06836998462677 0.500244975090027
1.06865000724792 0.500568985939026
1.06893002986908 0.500894010066986
1.06921005249023 0.501221001148224
1.06949996948242 0.5015509724617
1.06977999210358 0.501882016658783
1.07007002830505 0.502215981483459
1.07035994529724 0.502551972866058
1.07065999507904 0.50288999080658
1.07095003128052 0.503229975700378
1.07124996185303 0.503573000431061
1.0715399980545 0.50391697883606
1.07184994220734 0.504265010356903
1.07214999198914 0.504613995552063
1.07245004177094 0.504966020584106
1.07275998592377 0.505320012569427
1.07307004928589 0.505675971508026
1.07337999343872 0.506034970283508
1.07369005680084 0.506395995616913
1.074010014534 0.506758987903595
1.07431995868683 0.507125020027161
1.07464003562927 0.50749397277832
1.07495999336243 0.507865011692047
1.0752899646759 0.508238017559052
1.07561004161835 0.508614003658295
1.07594001293182 0.508993029594421
1.0762699842453 0.509374022483826
1.07659995555878 0.509757995605469
1.07693994045258 0.510143995285034
1.07727003097534 0.510532975196838
1.07761001586914 0.510923981666565
1.07796001434326 0.511318981647491
1.07829999923706 0.51171600818634
1.07864999771118 0.512116014957428
1.0789999961853 0.512517988681793
1.07934999465942 0.512924015522003
1.07969999313354 0.513332009315491
1.08006000518799 0.513742983341217
1.08042001724243 0.514156997203827
1.08078002929688 0.514572978019714
1.08114004135132 0.514993011951447
1.08150994777679 0.515416026115417
1.08187997341156 0.515842020511627
1.08224999904633 0.516269981861115
1.08263003826141 0.516701996326447
1.08300995826721 0.517136991024017
1.0833899974823 0.517575025558472
1.08377003669739 0.51801598072052
1.08415997028351 0.518459975719452
1.0845400094986 0.518907010555267
1.08493995666504 0.519357979297638
1.08533000946045 0.519810974597931
1.08572995662689 0.520268976688385
1.08613002300262 0.520729005336761
1.08652997016907 0.521193027496338
1.08694005012512 0.521659970283508
1.08735001087189 0.522130012512207
1.08775997161865 0.522603988647461
1.08817005157471 0.52308201789856
1.08859002590179 0.523563027381897
1.0890200138092 0.524047017097473
1.08943998813629 0.524535000324249
1.0898699760437 0.525026977062225
1.09029996395111 0.525521993637085
1.09072995185852 0.526021003723145
1.09116995334625 0.526524007320404
1.09160995483398 0.527029991149902
1.09205996990204 0.527540981769562
1.09250998497009 0.528055012226105
1.09296000003815 0.528572976589203
1.0934100151062 0.529094994068146
1.09387004375458 0.529619991779327
1.09432995319366 0.53014999628067
1.09479999542236 0.530683994293213
1.09527003765106 0.531221985816956
1.09573996067047 0.531763970851898
1.09622001647949 0.532310009002686
1.09669995307922 0.532860994338989
1.09718000888824 0.533415019512177
1.0976699590683 0.53397399187088
1.09816002845764 0.534537971019745
1.09865999221802 0.535104990005493
1.09915995597839 0.535677015781403
1.09966003894806 0.536253988742828
1.10017001628876 0.536835014820099
1.10067999362946 0.537419974803925
1.10118997097015 0.538011014461517
1.10170996189117 0.538604974746704
1.10223996639252 0.539205014705658
1.10276997089386 0.539808988571167
1.1032999753952 0.540418028831482
1.10382997989655 0.541032016277313
1.10438001155853 0.541651010513306
1.1049200296402 0.542275011539459
1.1054699420929 0.542904019355774
1.10602998733521 0.543537020683289
1.10659003257751 0.544175982475281
1.10714995861053 0.54482102394104
1.10772001743317 0.545469999313354
1.10828995704651 0.546124994754791
1.10887002944946 0.546784996986389
1.10944998264313 0.547450006008148
1.11003994941711 0.548120975494385
1.11063003540039 0.548797011375427
1.1112300157547 0.549479007720947
1.11182999610901 0.55016702413559
1.11243999004364 0.550859987735748
1.11304998397827 0.551558971405029
1.11366999149323 0.552263975143433
1.1143000125885 0.552974998950958
1.11493003368378 0.553691983222961
1.11556005477905 0.554414987564087
1.11619997024536 0.555144011974335
1.11684000492096 0.55587899684906
1.11749994754791 0.556620001792908
1.11814999580383 0.557367980480194
1.11881005764008 0.558121979236603
1.11948001384735 0.558881998062134
1.12015998363495 0.559648990631104
1.12083995342255 0.560423016548157
1.12152004241943 0.561203002929688
1.12221002578735 0.561990022659302
1.1229100227356 0.562784016132355
1.12362003326416 0.56358402967453
1.12433004379272 0.56439197063446
1.12504005432129 0.565207004547119
1.12576997280121 0.566029012203217
1.12650001049042 0.566857993602753
1.12723004817963 0.567694008350372
1.12797999382019 0.568538010120392
1.12873005867004 0.569389998912811
1.12948000431061 0.570249021053314
1.13024997711182 0.571115016937256
1.13101994991302 0.571990013122559
1.13180005550385 0.5728719830513
1.13258004188538 0.573761999607086
1.13337004184723 0.574660003185272
1.1341700553894 0.575567007064819
1.13497996330261 0.576480984687805
1.13580000400543 0.577404022216797
1.13662004470825 0.578336000442505
1.1374499797821 0.579276025295258
1.13829004764557 0.580223977565765
1.13912999629974 0.58118200302124
1.13998997211456 0.582148015499115
1.14084994792938 0.583123028278351
1.14172005653381 0.584106981754303
1.14260005950928 0.585101008415222
1.14347994327545 0.586103975772858
1.14437997341156 0.587116003036499
1.14528000354767 0.588137984275818
1.14619994163513 0.589169025421143
1.14711999893188 0.590210020542145
1.14804995059967 0.591261982917786
1.14899003505707 0.592323005199432
1.1499400138855 0.593393981456757
1.15090000629425 0.594475984573364
1.151859998703 0.595568001270294
1.1528400182724 0.596670985221863
1.15383005142212 0.597783982753754
1.15482997894287 0.598908007144928
1.15583002567291 0.600042998790741
1.15684998035431 0.601189970970154
1.15787994861603 0.602347016334534
1.15892004966736 0.603515982627869
1.1599600315094 0.604696989059448
1.16102004051208 0.605889022350311
1.1620899438858 0.607092976570129
1.16316998004913 0.608309984207153
1.16427004337311 0.609538018703461
1.16536998748779 0.610778987407684
1.16648995876312 0.612031996250153
1.16761004924774 0.613297998905182
1.16875004768372 0.614576995372772
1.16989994049072 0.615868985652924
1.17105996608734 0.617174029350281
1.1722400188446 0.618492007255554
1.17341995239258 0.619825005531311
1.17462003231049 0.621169984340668
1.17584002017975 0.622529983520508
1.17706000804901 0.62390398979187
1.17830002307892 0.625292003154755
1.17955005168915 0.626694977283478
1.18081998825073 0.628112971782684
1.18210005760193 0.629545986652374
1.18339002132416 0.630993008613586
1.18470001220703 0.632456004619598
1.18602001667023 0.63393497467041
1.18735003471375 0.635429978370667
1.18869996070862 0.636940002441406
1.19007003307343 0.638467013835907
1.19144999980927 0.640011012554169
1.19284999370575 0.64157098531723
1.19426000118256 0.643148005008698
1.19568002223969 0.644742012023926
1.19712996482849 0.646354019641876
1.19859004020691 0.647984027862549
1.20007002353668 0.649631023406982
1.20156002044678 0.651296973228455
1.20307004451752 0.652981996536255
1.20459997653961 0.654685020446777
1.20614004135132 0.656406998634338
1.2077100276947 0.658149003982544
1.20929002761841 0.659910976886749
1.21089005470276 0.661692023277283
1.21250998973846 0.663493990898132
1.21414005756378 0.665315985679626
1.21580004692078 0.667159020900726
1.21747994422913 0.669023990631104
1.21916997432709 0.670910000801086
1.22089004516602 0.672818005084991
1.2226300239563 0.674748003482819
1.22439002990723 0.676701009273529
1.22616994380951 0.678676009178162
1.22797000408173 0.680675029754639
1.2297899723053 0.682698011398315
1.23163998126984 0.684744000434875
1.2335000038147 0.686815023422241
1.23538994789124 0.688911020755768
1.23731005191803 0.691031992435455
1.23924994468689 0.693177998065948
1.24120998382568 0.695351004600525
1.24319994449615 0.697549998760223
1.24521005153656 0.699774980545044
1.24723994731903 0.702027976512909
1.24931001663208 0.704308986663818
1.25138998031616 0.706618010997772
1.25350999832153 0.708956003189087
1.25565004348755 0.711323022842407
1.25782001018524 0.713719010353088
1.2600200176239 0.716145992279053
1.26224994659424 0.718603014945984
1.26450002193451 0.721090972423553
1.26679003238678 0.723610997200012
1.26909995079041 0.726163029670715
1.27145004272461 0.728748023509979
1.27382004261017 0.731365978717804
1.27622997760773 0.73401802778244
1.27866995334625 0.736705005168915
1.28114998340607 0.739426970481873
1.28365004062653 0.742183983325958
1.28619003295898 0.744976997375488
1.28876996040344 0.74780797958374
1.29138004779816 0.750675976276398
1.29402005672455 0.753582000732422
1.29670000076294 0.75652801990509
1.29941999912262 0.759513020515442
1.30218005180359 0.762538015842438
1.30497002601624 0.765604972839355
1.3078099489212 0.768712997436523
1.31068003177643 0.771863996982574
1.31359004974365 0.775057971477509
1.3165500164032 0.778295993804932
1.31954002380371 0.78157901763916
1.32257997989655 0.78490799665451
1.32567000389099 0.788284003734589
1.32879996299744 0.791707992553711
1.33196997642517 0.795179009437561
1.33519005775452 0.798699975013733
1.33844995498657 0.802272021770477
1.34177005290985 0.805894017219543
1.34512996673584 0.809569001197815
1.34853994846344 0.813296973705292
1.35201001167297 0.817080020904541
1.35552000999451 0.820917010307312
1.35908997058868 0.824810981750488
1.36270999908447 0.828763008117676
1.36638998985291 0.832772970199585
1.37012004852295 0.836843013763428
1.37390995025635 0.840973973274231
1.37776005268097 0.845166981220245
1.38165998458862 0.849422991275787
1.38563001155853 0.853744983673096
1.38966000080109 0.858132004737854
1.39374995231628 0.862586975097656
1.39789998531342 0.867110013961792
1.40211999416351 0.87170398235321
1.40640997886658 0.876368999481201
1.4107700586319 0.881106972694397
1.41518998146057 0.885919988155365
1.41969001293182 0.890810012817383
1.42425000667572 0.895776987075806
1.42890000343323 0.900822997093201
1.43360996246338 0.905951023101807
1.43841004371643 0.91116201877594
1.44327998161316 0.916456997394562
1.44824004173279 0.921838998794556
1.45326995849609 0.927308976650238
1.4583899974823 0.932869017124176
1.46359002590179 0.938521981239319
1.46888995170593 0.944269001483917
1.47426998615265 0.950112998485565
1.47974002361298 0.956054985523224
1.48530995845795 0.962098002433777
1.49097001552582 0.968244016170502
1.49671995639801 0.974496006965637
1.50258004665375 0.980854988098145
1.50854003429413 0.987325012683868
1.51460003852844 0.99390697479248
1.52076995372772 1.00059998035431
1.52704000473022 1.00741994380951
1.53342998027802 1.01435995101929
1.53992998600006 1.02142000198364
1.54654002189636 1.02860999107361
1.55327999591827 1.03592002391815
1.56013000011444 1.04337000846863
1.56710994243622 1.05095994472504
1.57421004772186 1.05868005752563
1.58045995235443 1.06547999382019
1.58680999279022 1.07237994670868
1.59325003623962 1.07939994335175
1.59979999065399 1.08652997016907
1.60645997524261 1.09378004074097
1.61321997642517 1.10114002227783
1.62009000778198 1.10862994194031
1.62706005573273 1.11623001098633
1.63416004180908 1.12397003173828
1.64136004447937 1.13182997703552
1.64868998527527 1.13982999324799
1.65612995624542 1.14795994758606
1.66369998455048 1.15622997283936
1.67139005661011 1.16463994979858
1.67920005321503 1.17318999767303
1.68715000152588 1.18189001083374
1.69523000717163 1.1907399892807
1.70343995094299 1.19974994659424
1.71178996562958 1.20890998840332
1.72028005123138 1.21823000907898
1.72890996932983 1.22772002220154
1.73767995834351 1.237380027771
1.74661004543304 1.24720001220703
1.75567996501923 1.25721001625061
1.76490998268127 1.26739001274109
1.7742999792099 1.27776002883911
1.78065001964569 1.28477001190186
1.78707003593445 1.29186999797821
1.79356002807617 1.29905998706818
1.80013000965118 1.30633997917175
1.80676996707916 1.31369996070862
1.8134800195694 1.32115995883942
1.82027995586395 1.32870995998383
1.82714998722076 1.33634996414185
1.83410000801086 1.34407997131348
1.84113001823425 1.35190999507904
1.84824001789093 1.35984003543854
1.85544002056122 1.36786997318268
1.86270999908447 1.37600004673004
1.87006998062134 1.38423001766205
1.87751996517181 1.39257001876831
1.88505005836487 1.40101003646851
1.89267003536224 1.40955996513367
1.90037000179291 1.41822004318237
1.9081699848175 1.42699003219604
1.91605997085571 1.435879945755
1.92403995990753 1.44488000869751
1.93210995197296 1.45398998260498
1.940269947052 1.46322000026703
1.94852995872498 1.47257995605469
1.95688998699188 1.4820499420166
1.9653400182724 1.49164998531342
1.97389996051788 1.50137996673584
1.98255002498627 1.51122999191284
1.98836994171143 1.51786994934082
1.99228000640869 1.52233004570007
1.99489998817444 1.52532005310059
1.99663996696472 1.52732002735138
1.99781000614166 1.5286500453949
1.99858999252319 1.52953994274139
1.99910998344421 1.53014004230499
1.99945998191833 1.53053998947144
1.99969005584717 1.53079998493195
2 1.53114998340607
2 1.53114998340607
2.00030994415283 1.53150999546051
2.00054001808167 1.53176999092102
2.00089001655579 1.53217005729675
2.00141000747681 1.53277003765106
2.00219011306763 1.53366005420685
2.0033700466156 1.53500998020172
2.00514006614685 1.53702998161316
2.00780010223389 1.54007995128632
2.0118100643158 1.54466998577118
2.0178599357605 1.55159997940063
2.02701997756958 1.56212997436523
2.03628993034363 1.57279002666473
2.04567003250122 1.58359003067017
2.05516004562378 1.59453999996185
2.06474995613098 1.60564005374908
2.07446002960205 1.61688995361328
2.08428001403809 1.62829005718231
2.09420990943909 1.63985002040863
2.10425996780396 1.6515599489212
2.11442995071411 1.66343998908997
2.12471008300781 1.67546999454498
2.13510990142822 1.68768000602722
2.1456298828125 1.70004999637604
2.15627002716064 1.71258997917175
2.16703009605408 1.72529995441437
2.17792010307312 1.73819005489349
2.18893003463745 1.75126004219055
2.20005989074707 1.76451003551483
2.21131992340088 1.77795004844666
2.2227098941803 1.79156994819641
2.23422002792358 1.805379986763
2.2458701133728 1.81939005851746
2.25763988494873 1.83359003067017
2.26954007148743 1.84799003601074
2.28157997131348 1.86259996891022
2.29375004768372 1.87741005420685
2.30606007575989 1.89242994785309
2.31850004196167 1.90766000747681
2.33106994628906 1.92309999465942
2.34378004074097 1.93876004219055
2.3566300868988 1.95465004444122
2.36961007118225 1.97075998783112
2.38274002075195 1.98708999156952
2.39599990844727 2.00365996360779
2.40939998626709 2.0204598903656
2.42294001579285 2.03749990463257
2.43661999702454 2.05478000640869
2.45044994354248 2.07230997085571
2.46441006660461 2.09008002281189
2.47851991653442 2.10810995101929
2.49276995658875 2.12637996673584
2.507159948349 2.14492011070251
2.52168989181519 2.16371989250183
2.53636002540588 2.18278002738953
2.55117988586426 2.20211005210876
2.56612992286682 2.22171998023987
2.58122992515564 2.24159002304077
2.59647011756897 2.26174998283386
2.61186003684998 2.2821900844574
2.62737989425659 2.3029100894928
2.64303994178772 2.32392001152039
2.65883994102478 2.34522008895874
2.67477989196777 2.3668200969696
2.69086003303528 2.38872003555298
2.70707011222839 2.41090989112854
2.72341990470886 2.43340992927551
2.73990988731384 2.45621991157532
2.75653004646301 2.47934007644653
2.77327990531921 2.502769947052
2.7901599407196 2.5265200138092
2.80716991424561 2.55059003829956
2.8243100643158 2.57498002052307
2.84157991409302 2.59968996047974
2.85896992683411 2.62473011016846
2.87648010253906 2.65009999275208
2.89410996437073 2.67580008506775
2.91185998916626 2.70183992385864
2.92972993850708 2.72820997238159
2.94771003723145 2.75493001937866
2.96580004692078 2.78198003768921
2.98399996757507 2.80937004089355
3.00230002403259 2.83712005615234
3.02070999145508 2.86520004272461
3.03922009468079 2.89364004135132
3.05782008171082 2.92242002487183
3.07651996612549 2.95156002044678
3.09530997276306 2.98104000091553
3.11418008804321 3.01087999343872
3.13314008712769 3.04107999801636
3.15217995643616 3.07161998748779
3.17129993438721 3.10253000259399
3.19049000740051 3.13379001617432
3.2097499370575 3.16540002822876
3.22907996177673 3.19737005233765
3.24847006797791 3.22970008850098
3.26792001724243 3.26237988471985
3.28742003440857 3.29541993141174
3.30697989463806 3.32880997657776
3.32658004760742 3.36256003379822
3.34622001647949 3.3966600894928
3.36590003967285 3.43111991882324
3.38561010360718 3.46592998504639
3.40535998344421 3.50109004974365
3.42512989044189 3.53659009933472
3.4449200630188 3.57244992256165
3.46473002433777 3.60864996910095
3.48456001281738 3.64519000053406
3.504390001297 3.68208003044128
3.52423000335693 3.71931004524231
3.54407000541687 3.75688004493713
3.56391000747681 3.79478001594543
3.58373999595642 3.83301997184753
3.60355997085571 3.87157988548279
3.62335991859436 3.91048002243042
3.64315009117126 3.94970011711121
3.66290998458862 3.98923993110657
3.68265008926392 4.02909994125366
3.70234990119934 4.06928014755249
3.7220299243927 4.10976982116699
3.74166011810303 4.15056991577148
3.76125001907349 4.19166994094849
3.78080010414124 4.23307991027832
3.80029988288879 4.27478981018066
3.81974005699158 4.31679010391235
3.83913993835449 4.35907983779907
3.85846996307373 4.40166997909546
3.87773990631104 4.44453001022339
3.89695000648499 4.48767995834351
3.91609001159668 4.53109979629517
3.93515992164612 4.57480001449585
3.95415997505188 4.61876010894775
3.97307991981506 4.6629900932312
3.99191999435425 4.70747995376587
4.01068019866943 4.75223016738892
4.02935981750488 4.79722023010254
4.04795980453491 4.84247016906738
4.0664701461792 4.8879599571228
4.08487987518311 4.93369007110596
4.10320997238159 4.97966003417969
4.12143993377686 5.02585983276367
4.13957977294922 5.07228994369507
4.15761995315552 5.1189398765564
4.17555999755859 5.16581010818481
4.19340991973877 5.21290016174316
4.21115016937256 5.26020002365112
4.22878980636597 5.30770015716553
4.24631977081299 5.35542011260986
4.26375007629395 5.40332984924316
4.28107023239136 5.45143985748291
4.29828977584839 5.49974012374878
4.31540012359619 5.54823017120361
4.33239984512329 5.59690999984741
4.349289894104 5.64577007293701
4.36606979370117 5.69479990005493
4.38273000717163 5.74401998519897
4.39929008483887 5.79339981079102
4.41572999954224 5.84294986724854
4.43206977844238 5.89266014099121
4.4482798576355 5.94254016876221
4.46438980102539 5.99256992340088
4.48038005828857 6.04275989532471
4.49626016616821 6.09310007095337
4.51202011108398 6.14357995986938
4.52767992019653 6.19421005249023
4.54321002960205 6.24497985839844
4.55864000320435 6.29588985443115
4.57394981384277 6.34694004058838
4.58913993835449 6.39811992645264
4.60421991348267 6.44941997528076
4.61919021606445 6.5008602142334
4.63404989242554 6.55242013931274
4.64878988265991 6.60410022735596
4.6634202003479 6.65590000152588
4.67793989181519 6.70781993865967
4.69234991073608 6.759850025177
4.70664978027344 6.81198978424072
4.72082996368408 6.86424016952515
4.7349100112915 6.91660022735596
4.74886989593506 6.96905994415283
4.76273012161255 7.02161979675293
4.77648019790649 7.07428979873657
4.79011011123657 7.12704992294312
4.80364990234375 7.17990016937256
4.81707000732422 7.23285007476807
4.83038997650146 7.28589010238647
4.84359979629517 7.33901977539063
4.8567099571228 7.39224004745483
4.86970996856689 7.44553995132446
4.88260984420776 7.49892997741699
4.89540004730225 7.5524001121521
4.90810012817383 7.6059398651123
4.92069005966187 7.65957021713257
4.93317985534668 7.71327018737793
4.94556999206543 7.76704978942871
4.95785999298096 7.82089996337891
4.97004985809326 7.87482023239136
4.98215007781982 7.92881011962891
4.99414014816284 7.98287010192871
5.00604009628296 8.03699970245361
5.01784992218018 8.09119033813477
5.02956008911133 8.14544010162354
5.04118013381958 8.19976043701172
5.05270004272461 8.25413990020752
5.06412982940674 8.30858039855957
5.07546997070313 8.36308002471924
5.08671998977661 8.41763019561768
5.09786987304688 8.47224044799805
5.10894012451172 8.52690982818604
5.1199197769165 8.58162975311279
5.13080978393555 8.63640022277832
5.14162015914917 8.69122982025146
5.15232992172241 8.74610042572021
5.16297006607056 8.80103015899658
5.17351007461548 8.85599994659424
5.18397998809814 8.91102027893066
5.19435977935791 8.96607971191406
5.20465993881226 9.02120018005371
5.2148699760437 9.07635021209717
5.22500991821289 9.13154983520508
5.23507022857666 9.18679046630859
5.24503993988037 9.24207019805908
5.25494003295898 9.29740047454834
5.26476001739502 9.35276031494141
5.27449989318848 9.40816020965576
5.28417015075684 9.46360015869141
5.29375982284546 9.51908016204834
5.30327987670898 9.57460021972656
5.31271982192993 9.63014984130859
5.32209014892578 9.68572998046875
5.33137989044189 9.74135971069336
5.34061002731323 9.79701042175293
5.34976005554199 9.85270023345947
5.3588399887085 9.90841960906982
5.36784982681274 9.96417045593262
5.37679004669189 10.0200004577637
