2.35628008842468 0.0474347993731499
2.35624003410339 0.0474403016269207
2.35620999336243 0.0474459007382393
2.35616993904114 0.0474513992667198
2.35613989830017 0.0474569983780384
2.35610008239746 0.0474626012146473
2.35607004165649 0.0474682003259659
2.35602998733521 0.0474739000201225
2.35598993301392 0.0474794991314411
2.35595989227295 0.0474851988255978
2.35592007637024 0.0474908985197544
2.35588002204895 0.0474965982139111
2.35584998130798 0.047502301633358
2.35580992698669 0.0475080981850624
2.35577011108398 0.0475138984620571
2.35574007034302 0.0475196987390518
2.35570001602173 0.0475254990160465
2.35565996170044 0.0475312992930412
2.35561990737915 0.047537200152874
2.35559010505676 0.0475430004298687
2.35555005073547 0.0475489012897015
2.35550999641418 0.0475547984242439
2.3554699420929 0.0475607998669147
2.35542988777161 0.0475667007267475
2.35540008544922 0.047572698444128
2.35536003112793 0.0475786998867989
2.35531997680664 0.0475847013294697
2.35527992248535 0.0475907996296883
2.35524010658264 0.0475968010723591
2.35520005226135 0.0476028993725777
2.35515999794006 0.0476090013980865
2.35511994361877 0.0476150996983051
2.35507988929749 0.0476212985813618
2.35504007339478 0.0476274006068707
2.35500001907349 0.0476335994899273
2.3549599647522 0.0476397983729839
2.35491991043091 0.0476461015641689
2.3548800945282 0.0476523004472256
2.35484004020691 0.0476585999131203
2.35479998588562 0.047664899379015
2.35475993156433 0.0476711988449097
2.35472011566162 0.0476775988936424
2.35468006134033 0.0476838983595371
2.35464000701904 0.0476902984082699
2.35459995269775 0.0476966984570026
2.35455989837646 0.0477031990885735
2.35452008247375 0.0477095991373062
2.35448002815247 0.047716099768877
2.35442996025085 0.0477226004004478
2.35438990592957 0.0477291010320187
2.35435009002686 0.0477356985211372
2.35431003570557 0.0477422997355461
2.35426998138428 0.0477488003671169
2.35421991348267 0.0477554984390736
2.35418009757996 0.0477620996534824
2.35414004325867 0.0477688014507294
2.35409998893738 0.047775499522686
2.35404992103577 0.0477822013199329
2.35401010513306 0.0477888993918896
2.35397005081177 0.0477957017719746
2.35391998291016 0.0478025004267693
2.35387992858887 0.0478092990815639
2.35384011268616 0.0478161983191967
2.35379004478455 0.0478230006992817
2.35374999046326 0.0478298999369144
2.35369992256165 0.0478367991745472
2.35366010665894 0.047843798995018
2.35361003875732 0.0478506982326508
2.35356998443604 0.0478577017784119
2.35351991653442 0.0478647015988827
2.35348010063171 0.0478717982769012
2.3534300327301 0.0478788986802101
2.35338997840881 0.0478858985006809
2.3533399105072 0.0478930994868279
2.35330009460449 0.0479001998901367
2.35325002670288 0.0479074008762836
2.35319995880127 0.0479146018624306
2.35315990447998 0.0479217991232872
2.35311007499695 0.0479291006922722
2.35307002067566 0.0479363985359669
2.35301995277405 0.0479437001049519
2.35296988487244 0.0479510016739368
2.3529200553894 0.0479584001004696
2.35288000106812 0.0479657985270023
2.3528299331665 0.0479732006788254
2.35278010368347 0.0479805991053581
2.35273003578186 0.0479881018400192
2.35268998146057 0.04799560084939
2.35263991355896 0.0480030998587608
2.35259008407593 0.0480106994509697
2.35254001617432 0.0480182990431786
2.35248994827271 0.0480258986353874
2.35244011878967 0.0480334982275963
2.35239005088806 0.0480411984026432
2.35234999656677 0.0480488985776901
2.35229992866516 0.048056598752737
2.35225009918213 0.048064399510622
2.35220003128052 0.048072200268507
2.35214996337891 0.048080001026392
2.35209989547729 0.0480878986418247
2.35205006599426 0.0480957999825478
2.35199999809265 0.0481037013232708
2.35193991661072 0.0481115989387035
2.35189008712769 0.0481196008622646
2.35184001922607 0.0481275990605354
2.35178995132446 0.0481356009840965
2.35173988342285 0.0481436997652054
2.35169005393982 0.0481517985463142
2.35163998603821 0.0481599010527134
2.35157990455627 0.0481681004166603
2.35153007507324 0.0481761991977692
2.35148000717163 0.0481844991445541
2.35142993927002 0.0481926985085011
2.35137009620667 0.048200998455286
2.35132002830505 0.048209298402071
2.35126996040344 0.048217698931694
2.35121011734009 0.0482260994613171
2.35116004943848 0.0482344999909401
2.35109996795654 0.0482429005205631
2.35104990005493 0.0482514016330242
2.3510000705719 0.048259899020195
2.35093998908997 0.0482685007154942
2.35088992118835 0.0482770018279552
2.350830078125 0.0482857003808022
2.35078001022339 0.048294298350811
2.35071992874146 0.0483030006289482
2.35067009925842 0.0483116991817951
2.35061001777649 0.0483204983174801
2.35054993629456 0.0483292005956173
2.35050010681152 0.0483381003141403
2.35044002532959 0.0483468994498253
2.35037994384766 0.0483557991683483
2.35033011436462 0.0483646988868713
2.35027003288269 0.0483736991882324
2.35020995140076 0.0483826994895935
2.3501501083374 0.0483916997909546
2.35010004043579 0.0484008006751537
2.35003995895386 0.0484099015593529
2.3499801158905 0.0484189987182617
2.34992003440857 0.0484282001852989
2.34985995292664 0.0484374016523361
2.34980010986328 0.0484466999769211
2.34974002838135 0.048455998301506
2.34967994689941 0.0484653003513813
2.34962010383606 0.0484746992588043
2.34956002235413 0.0484840981662273
2.34949994087219 0.0484935007989407
2.34944009780884 0.0485030002892017
2.3493800163269 0.0485124997794628
2.34931993484497 0.048522099852562
2.34926009178162 0.0485316999256611
2.34920001029968 0.0485412999987602
2.34913992881775 0.0485510006546974
2.34908008575439 0.0485607013106346
2.34900999069214 0.0485704988241196
2.34894990921021 0.0485803000628948
2.34889006614685 0.0485901013016701
2.34881997108459 0.0485999993979931
2.34875988960266 0.0486099012196064
2.34870004653931 0.0486198998987675
2.34862995147705 0.0486298985779285
2.3485701084137 0.0486399009823799
2.34851002693176 0.048650000244379
2.34843993186951 0.0486600995063782
2.34838008880615 0.0486702993512154
2.3483099937439 0.0486804991960526
2.34824991226196 0.0486906990408897
2.34818005561829 0.048700999468565
2.34810996055603 0.0487114004790783
2.34805011749268 0.0487218014895916
2.34798002243042 0.0487321987748146
2.34790992736816 0.048742700368166
2.34785008430481 0.048753198236227
2.34777998924255 0.0487636998295784
2.3477098941803 0.0487742982804775
2.34764003753662 0.048785001039505
2.34757995605469 0.0487957000732422
2.34751009941101 0.0488063991069794
2.34744000434875 0.0488171987235546
2.3473699092865 0.0488279983401299
2.34730005264282 0.0488388985395432
2.34722995758057 0.0488497987389565
2.34716010093689 0.0488607995212078
2.34709000587463 0.0488718003034592
2.34701991081238 0.0488828010857105
2.3469500541687 0.0488939993083477
2.34687995910645 0.0489051006734371
2.34681010246277 0.0489162988960743
2.34674000740051 0.0489276014268398
2.34665989875793 0.0489389002323151
2.34659004211426 0.0489501990377903
2.346519947052 0.0489615984261036
2.34645009040833 0.0489730983972549
2.34636998176575 0.0489845983684063
2.34629988670349 0.0489960983395576
2.34623003005981 0.0490076988935471
2.34614992141724 0.0490194000303745
2.34608006477356 0.049031101167202
2.34599995613098 0.0490427985787392
2.3459300994873 0.0490546002984047
2.34584999084473 0.049066498875618
2.34577989578247 0.0490784011781216
2.34570002555847 0.0490902997553349
2.34561991691589 0.0491022989153862
2.34555006027222 0.0491143986582756
2.34546995162964 0.049126498401165
2.34539008140564 0.0491386987268925
2.34530997276306 0.0491508990526199
2.34524011611938 0.0491631999611855
2.34516000747681 0.049175500869751
2.34507989883423 0.0491878986358643
2.34500002861023 0.0492004007101059
2.34491991996765 0.0492128990590572
2.34484004974365 0.0492254011332989
2.34475994110107 0.0492380000650883
2.34468007087708 0.0492506995797157
2.3445999622345 0.0492633990943432
2.3445200920105 0.0492761991918087
2.34443998336792 0.0492889992892742
2.3443500995636 0.0493018999695778
2.34426999092102 0.0493149012327194
2.34418988227844 0.0493278987705708
2.34411001205444 0.0493410006165504
2.34401988983154 0.0493540987372398
2.34394001960754 0.0493673011660576
2.34384989738464 0.0493806004524231
2.34377002716064 0.0493938997387886
2.34367990493774 0.0494071990251541
2.34360003471375 0.0494206994771957
2.34350991249084 0.0494341999292374
2.34343004226685 0.049447700381279
2.34333992004395 0.0494613014161587
2.34325003623962 0.0494749993085861
2.34316992759705 0.0494888015091419
2.34308004379272 0.0495025999844074
2.34298992156982 0.0495163984596729
2.3429000377655 0.0495304018259048
2.3428099155426 0.0495444014668465
2.34272003173828 0.0495584011077881
2.34262990951538 0.0495725981891155
2.34254002571106 0.0495867989957333
2.34244990348816 0.049600999802351
2.34236001968384 0.0496154017746449
2.34226989746094 0.0496298000216484
2.34218001365662 0.049644198268652
2.34208989143372 0.0496588014066219
2.34198999404907 0.0496734008193016
2.34190011024475 0.0496880002319813
2.34180998802185 0.0497028008103371
2.34171009063721 0.0497176013886929
2.34161996841431 0.0497324988245964
2.34152007102966 0.0497473999857903
2.34142994880676 0.0497624017298222
2.34133005142212 0.0497775003314018
2.34123992919922 0.0497926995158195
2.34114003181458 0.0498078987002373
2.34103989601135 0.0498231984674931
2.34095001220703 0.0498385988175869
2.34085011482239 0.0498540997505188
2.34074997901917 0.0498696006834507
2.34065008163452 0.0498851984739304
2.3405499458313 0.0499009005725384
2.34045004844666 0.0499165989458561
2.34034991264343 0.0499324984848499
2.34025001525879 0.0499484017491341
2.34015011787415 0.0499643012881279
2.34004998207092 0.0499803982675076
2.33994007110596 0.0499964989721775
2.33983993530273 0.0500128008425236
2.33974003791809 0.0500290989875793
2.33962988853455 0.0500454008579254
2.3395299911499 0.0500619001686573
2.33943009376526 0.0500783994793892
2.33931994438171 0.0500950999557972
2.33921003341675 0.0501118004322052
2.33910989761353 0.0501285009086132
2.33899998664856 0.050145398825407
2.33889007568359 0.0501624010503292
2.33878993988037 0.0501793995499611
2.33868002891541 0.050196498632431
2.33857011795044 0.050213698297739
2.33845996856689 0.0502309985458851
2.33835005760193 0.0502483993768692
2.33823990821838 0.0502658002078533
2.33812999725342 0.0502833984792233
2.33802008628845 0.0503010004758835
2.33789992332458 0.0503186993300915
2.33779001235962 0.0503365993499756
2.33768010139465 0.0503544993698597
2.33755993843079 0.0503724999725819
2.33745002746582 0.050390500575304
2.33733010292053 0.050408698618412
2.33721995353699 0.0504270009696484
2.3371000289917 0.0504452995955944
2.33699011802673 0.0504637993872166
2.33686995506287 0.0504823997616768
2.33675003051758 0.050501000136137
2.33663010597229 0.0505197010934353
2.33650994300842 0.0505385994911194
2.33639001846313 0.0505575016140938
2.33627009391785 0.0505765005946159
2.33614993095398 0.0505957007408142
2.33603000640869 0.0506149008870125
2.3359100818634 0.0506342016160488
2.33578991889954 0.0506535992026329
2.33565998077393 0.0506732016801834
2.33554005622864 0.0506928004324436
2.33541011810303 0.0507124997675419
2.33528995513916 0.0507322996854782
2.33516001701355 0.0507523007690907
2.33504009246826 0.0507723018527031
2.33490991592407 0.0507925003767014
2.33477997779846 0.0508126989006996
2.33465003967285 0.050833098590374
2.33452010154724 0.0508534982800484
2.33438992500305 0.0508740991353989
2.33425998687744 0.0508948005735874
2.33413004875183 0.0509155988693237
2.33400011062622 0.0509365014731884
2.33386993408203 0.0509575009346008
2.3337299823761 0.0509786009788513
2.33360004425049 0.0509998984634876
2.33347010612488 0.0510211996734142
2.33332991600037 0.0510426983237267
2.33318996429443 0.0510643012821674
2.33306002616882 0.0510859005153179
2.33292007446289 0.0511078014969826
2.33277988433838 0.0511296987533569
2.33263993263245 0.0511517003178596
2.33249998092651 0.0511738993227482
2.33236002922058 0.0511961989104748
2.33222007751465 0.0512185990810394
2.33207988739014 0.0512410998344421
2.3319399356842 0.051263801753521
2.33178997039795 0.0512866005301476
2.33165001869202 0.0513094998896122
2.33150005340576 0.0513324998319149
2.33136010169983 0.0513556003570557
2.331209897995 0.0513788983225822
2.33105993270874 0.0514023005962372
2.33091998100281 0.0514259003102779
2.33077001571655 0.0514495000243187
2.3306200504303 0.0514733009040356
2.33047008514404 0.0514972992241383
2.33031988143921 0.0515213012695313
2.33015990257263 0.0515455007553101
2.33000993728638 0.051569901406765
2.32985997200012 0.0515943989157677
2.32969999313354 0.0516190007328987
2.32955002784729 0.0516436994075775
2.32939004898071 0.0516685992479324
2.32923007011414 0.0516935996711254
2.32907009124756 0.0517188012599945
2.32891988754272 0.0517440997064114
2.32875990867615 0.0517695993185043
2.32858991622925 0.0517951995134354
2.32842993736267 0.0518209002912045
2.32826995849609 0.0518467985093594
2.32810997962952 0.0518728010356426
2.32793998718262 0.0518990010023117
2.32778000831604 0.0519253984093666
2.32761001586914 0.0519517995417118
2.32744002342224 0.0519784986972809
2.32727003097534 0.052005298435688
2.32711005210876 0.0520321987569332
2.32694005966187 0.0520593002438545
2.32676005363464 0.0520865991711617
2.32659006118774 0.0521139986813068
2.32642006874084 0.0521415993571281
2.32625007629395 0.0521694011986256
2.32607007026672 0.0521972998976707
2.3258900642395 0.052225299179554
2.3257200717926 0.0522536002099514
2.32554006576538 0.0522820018231869
2.32536005973816 0.0523105002939701
2.32518005371094 0.0523393005132675
2.32500004768372 0.052368201315403
2.32482004165649 0.0523972995579243
2.32463002204895 0.0524264983832836
2.32445001602173 0.0524558983743191
2.32425999641418 0.0524854995310307
2.32407999038696 0.0525153018534184
2.32388997077942 0.0525453016161919
2.32369995117188 0.0525753982365131
2.32350993156433 0.0526056997478008
2.32331991195679 0.0526361986994743
2.32312989234924 0.052666898816824
2.32294011116028 0.0526978000998497
2.32274007797241 0.0527288988232613
2.32255005836487 0.0527601018548012
2.322350025177 0.0527914986014366
2.32214999198914 0.0528232008218765
2.32194995880127 0.0528549998998642
2.3217499256134 0.052887000143528
2.32154989242554 0.0529192015528679
2.32135009765625 0.0529516004025936
2.32114005088806 0.0529843010008335
2.3209400177002 0.0530170984566212
2.32072997093201 0.0530501008033752
2.32052993774414 0.0530833005905151
2.32031989097595 0.0531167015433311
2.32011008262634 0.053150400519371
2.31990003585815 0.053184200078249
2.31967997550964 0.0532183013856411
2.31946992874146 0.053252600133419
2.31925010681152 0.0532871000468731
2.31904006004333 0.0533218011260033
2.31881999969482 0.0533566996455193
2.31859993934631 0.0533917993307114
2.31838011741638 0.0534272007644176
2.31816005706787 0.0534627996385098
2.31792998313904 0.053498599678278
2.31770992279053 0.0535347014665604
2.31748008728027 0.0535709001123905
2.31726002693176 0.0536075010895729
2.31702995300293 0.0536441989243031
2.31680011749268 0.0536811985075474
2.31657004356384 0.0537183992564678
2.31632995605469 0.0537559017539024
2.31609988212585 0.0537936016917229
2.31586003303528 0.0538314990699291
2.31561994552612 0.0538696981966496
2.31539011001587 0.0539081990718842
2.31514000892639 0.0539469011127949
2.31489992141724 0.0539858005940914
2.31466007232666 0.0540250018239021
2.31440997123718 0.0540645010769367
2.31416988372803 0.0541042014956474
2.31392002105713 0.054144199937582
2.31366991996765 0.0541845001280308
2.31342005729675 0.0542250014841557
2.31315994262695 0.0542658008635044
2.31291007995605 0.054306898266077
2.31264996528625 0.0543482005596161
2.31239008903503 0.054389800876379
2.31212997436523 0.0544316992163658
2.31187009811401 0.0544738993048668
2.31160998344421 0.0545163005590439
2.31134009361267 0.0545591004192829
2.31107997894287 0.0546021014451981
2.31081008911133 0.0546455010771751
2.31053996086121 0.054689098149538
2.31026005744934 0.0547330006957054
2.30998992919922 0.0547772012650967
2.30972003936768 0.0548216998577118
2.30943989753723 0.0548666007816792
2.30915999412537 0.0549116991460323
2.3088800907135 0.0549571998417377
2.30858993530273 0.0550029017031193
2.30831003189087 0.0550489984452724
2.30802011489868 0.0550954006612301
2.30772995948792 0.0551422014832497
2.30744004249573 0.0551891997456551
2.30714988708496 0.0552366003394127
2.30684995651245 0.0552842989563942
2.30656003952026 0.0553323999047279
2.30626010894775 0.0553807988762856
2.30595993995667 0.0554294995963573
2.30564999580383 0.0554785989224911
2.30535006523132 0.055527999997139
2.30503988265991 0.0555777996778488
2.30472993850708 0.0556279011070728
2.30441999435425 0.0556784011423588
2.30411005020142 0.0557292997837067
2.30379009246826 0.0557805001735687
2.30346989631653 0.0558320991694927
2.30314993858337 0.055884100496769
2.30282998085022 0.0559363998472691
2.30251002311707 0.0559891015291214
2.30218005180359 0.0560422986745834
2.30185008049011 0.0560958012938499
2.30152010917664 0.05614959821105
2.30117988586426 0.0562039017677307
2.30084991455078 0.056258600205183
2.30050992965698 0.0563137009739876
2.30016994476318 0.0563692003488541
2.29981994628906 0.0564250983297825
2.29947996139526 0.0564813986420631
2.29912996292114 0.056538101285696
2.29877996444702 0.0565952993929386
2.29841995239258 0.0566528998315334
2.29806995391846 0.0567108988761902
2.29770994186401 0.0567694008350372
2.29734992980957 0.0568283013999462
2.2969799041748 0.0568876005709171
2.29661989212036 0.056947398930788
2.29625010490417 0.0570077002048492
2.29588007926941 0.0570684000849724
2.29550004005432 0.0571294985711575
2.29512000083923 0.0571912005543709
2.29473996162415 0.0572533011436462
2.29435992240906 0.0573159009218216
2.29397010803223 0.0573789998888969
2.29359006881714 0.0574425011873245
2.29319000244141 0.0575065985321999
2.292799949646 0.0575711987912655
2.29239988327026 0.0576362013816833
2.29200005531311 0.057701800018549
2.29159998893738 0.0577679015696049
2.29118990898132 0.0578344985842705
2.29078006744385 0.0579015985131264
2.29036998748779 0.0579692982137203
2.28994989395142 0.0580375008285046
2.28953003883362 0.0581061989068985
2.28910994529724 0.0581755004823208
2.28869009017944 0.0582454018294811
2.28825998306274 0.0583157986402512
2.2878201007843 0.0583866983652115
2.2873899936676 0.0584582984447479
2.28695011138916 0.0585304014384747
2.28650999069214 0.0586031004786491
2.28606009483337 0.0586763992905617
2.28560996055603 0.0587503015995026
2.28516006469727 0.0588247999548912
2.2846999168396 0.0588999018073082
2.28424000740051 0.058975700289011
2.28378009796143 0.0590520016849041
2.28330993652344 0.059128999710083
2.28284001350403 0.0592066012322903
2.28237009048462 0.0592848993837833
2.28188991546631 0.0593638010323048
2.28140997886658 0.059443399310112
2.28092002868652 0.0595236010849476
2.28043007850647 0.059604600071907
2.27993988990784 0.0596861988306046
2.27943992614746 0.0597685016691685
2.27893996238708 0.0598515011370182
2.27842998504639 0.059935200959444
2.27792000770569 0.060019601136446
2.27741003036499 0.0601047016680241
2.27689003944397 0.060190599411726
2.27637004852295 0.0602772012352943
2.27584004402161 0.0603646002709866
2.27531003952026 0.0604526996612549
2.2747700214386 0.0605415999889374
2.27423000335693 0.060631301254034
2.27368998527527 0.0607216991484165
2.27313995361328 0.0608129017055035
2.27257990837097 0.060904998332262
2.27202010154724 0.060997799038887
2.27146005630493 0.0610915012657642
2.2708899974823 0.0611860007047653
2.27031993865967 0.0612813010811806
2.26974010467529 0.0613774992525578
2.26916003227234 0.0614745989441872
2.26856994628906 0.0615724995732307
2.26798009872437 0.0616713017225266
2.26737999916077 0.0617710016667843
2.26677989959717 0.061871599406004
2.26617002487183 0.0619731992483139
2.26555991172791 0.062075600028038
2.26494002342224 0.0621789991855621
2.264319896698 0.0622832998633385
2.26368999481201 0.0623885989189148
2.2630500793457 0.0624949000775814
2.26240992546082 0.062602199614048
2.26177000999451 0.0627103969454765
2.26111006736755 0.0628196969628334
2.26045989990234 0.0629300028085709
2.25978994369507 0.0630412995815277
2.25913000106812 0.0631536990404129
2.25845003128052 0.0632670968770981
2.25777006149292 0.0633815973997116
2.257080078125 0.0634972006082535
2.25639009475708 0.0636138990521431
2.25569009780884 0.0637317970395088
2.25498008728027 0.0638507008552551
2.25427007675171 0.0639707967638969
2.25355005264282 0.0640920996665955
2.25283002853394 0.0642144978046417
2.2520899772644 0.0643381997942924
2.25134992599487 0.0644629970192909
2.25061011314392 0.0645890980958939
2.24986004829407 0.0647163987159729
2.24909996986389 0.0648450031876564
2.24833011627197 0.0649747997522354
2.24756002426147 0.0651059001684189
2.24677991867065 0.0652384012937546
2.24599003791809 0.0653721019625664
2.24518990516663 0.0655073001980782
2.24439001083374 0.065643697977066
2.24358010292053 0.0657816007733345
2.24275994300842 0.0659207999706268
2.24193000793457 0.0660614967346191
2.24110007286072 0.0662036016583443
2.24025988578796 0.0663471966981888
2.23940992355347 0.0664921998977661
2.23854994773865 0.0666387975215912
2.23767995834351 0.0667868033051491
2.23680996894836 0.0669364035129547
2.23591995239258 0.0670875981450081
2.23502993583679 0.0672404021024704
2.23412990570068 0.0673947036266327
2.23322010040283 0.0675506964325905
2.23230004310608 0.0677082985639572
2.231369972229 0.0678676962852478
2.23042988777161 0.0680287033319473
2.22949004173279 0.0681914016604424
2.22852993011475 0.0683559030294418
2.22757005691528 0.0685221999883652
2.2265899181366 0.068690299987793
2.22561001777649 0.0688602030277252
2.22461009025574 0.0690319985151291
2.22360992431641 0.0692055970430374
2.22258996963501 0.0693811997771263
2.22156000137329 0.0695587024092674
2.22053003311157 0.0697382017970085
2.21948003768921 0.0699196010828018
2.21842002868652 0.0701031014323235
2.21735000610352 0.0702887028455734
2.21626996994019 0.0704763010144234
2.21517992019653 0.0706660971045494
2.21408009529114 0.0708580017089844
2.21297001838684 0.0710520967841148
2.2118399143219 0.0712485015392303
2.21070003509521 0.0714470967650414
2.20954990386963 0.071647897362709
2.2083899974823 0.0718510970473289
2.20722007751465 0.0720567032694817
2.20602989196777 0.072264701128006
2.20482993125916 0.0724750980734825
2.20361995697021 0.0726879984140396
2.20238995552063 0.0729034021496773
2.20114994049072 0.0731213986873627
2.19989991188049 0.073342002928257
2.1986300945282 0.073565199971199
2.197350025177 0.0737911015748978
2.19605994224548 0.0740197002887726
2.1947500705719 0.0742511004209518
2.19342994689941 0.0744853988289833
2.19209003448486 0.0747224017977715
2.19074010848999 0.0749623998999596
2.18936991691589 0.0752054005861282
2.18798995018005 0.0754513964056969
2.18658995628357 0.0757004022598267
2.18516993522644 0.0759525969624519
2.18373990058899 0.0762078985571861
2.18229007720947 0.0764663964509964
2.18083000183105 0.0767282992601395
2.17934989929199 0.0769933983683586
2.17785000801086 0.0772619992494583
2.17634010314941 0.0775339007377625
2.17479991912842 0.0778094977140427
2.17324995994568 0.0780884996056557
2.17167997360229 0.0783711969852448
2.17009997367859 0.0786575973033905
2.16848993301392 0.0789477974176407
2.1668701171875 0.0792417973279953
2.16522002220154 0.0795397013425827
2.16355991363525 0.0798415988683701
2.16187000274658 0.080147497355938
2.16017007827759 0.0804575979709625
2.15844988822937 0.0807717964053154
2.15669989585876 0.0810903012752533
2.15493011474609 0.0814132019877434
2.1531400680542 0.0817404016852379
2.15132999420166 0.0820721983909607
2.14949989318848 0.0824085995554924
2.14765000343323 0.0827497020363808
2.14577007293701 0.0830956026911736
2.14387011528015 0.0834463015198708
2.14194011688232 0.0838019996881485
2.13999009132385 0.0841626971960068
2.13802003860474 0.0845286026597023
2.13601994514465 0.0848997011780739
2.13399004936218 0.0852762013673782
2.13193988800049 0.0856582000851631
2.12986993789673 0.0860456973314285
2.12775993347168 0.0864389017224312
2.12562990188599 0.0868379026651382
2.12347006797791 0.0872427970170975
2.1212899684906 0.0876536965370178
2.11907005310059 0.0880708023905754
2.11683011054993 0.0884941965341568
2.11455988883972 0.0889239013195038
2.11225008964539 0.0893602967262268
2.10992002487183 0.0898031964898109
2.10754990577698 0.0902530997991562
2.10515999794006 0.0907097980380058
2.10273003578186 0.0911737009882927
2.10027003288269 0.0916448011994362
2.09776997566223 0.0921233966946602
2.09524011611938 0.0926095023751259
2.09267997741699 0.093103401362896
2.09008002281189 0.093605101108551
2.0874400138855 0.0941149964928627
2.08476996421814 0.0946331024169922
2.08206009864807 0.0951595976948738
2.07931995391846 0.0956948027014732
2.07652997970581 0.096238799393177
2.0737099647522 0.0967917963862419
2.07084989547729 0.0973540991544724
2.06793999671936 0.0979257971048355
2.06499004364014 0.0985070988535881
2.06201004981995 0.0990983992815018
2.05897998809814 0.0996996983885765
2.05590009689331 0.100311003625393
2.05277991294861 0.100933998823166
2.04960989952087 0.101567000150681
2.04640007019043 0.102210998535156
2.04313993453979 0.102866999804974
2.03983998298645 0.103533998131752
2.03647994995117 0.104212999343872
2.03307008743286 0.104905001819134
2.02961993217468 0.105608999729156
2.02610993385315 0.106325998902321
2.02254009246826 0.107055999338627
2.01892995834351 0.107799001038074
2.01524996757507 0.108556002378464
2.01152992248535 0.109328001737595
2.00774002075195 0.110114000737667
2.00390005111694 0.110914997756481
1.99998998641968 0.111731998622417
1.99602997303009 0.112563997507095
1.99199998378754 0.113412000238895
1.98791003227234 0.114276997745037
1.98374998569489 0.115158997476101
1.97952997684479 0.116058997809887
1.97523999214172 0.116976000368595
1.97089004516602 0.117912001907825
1.96645998954773 0.118867002427578
1.96195995807648 0.119842000305653
1.95738995075226 0.12083700299263
1.95273995399475 0.12185200303793
1.94801998138428 0.122887998819351
1.94321000576019 0.123947001993656
1.93833005428314 0.125027999281883
1.93336999416351 0.126131996512413
1.9283299446106 0.127259999513626
1.92318999767303 0.128413006663322
1.91797995567322 0.129591003060341
1.91267001628876 0.130795001983643
1.90727996826172 0.132026001811028
1.90179002285004 0.133285000920296
1.89619994163513 0.134571999311447
1.89051997661591 0.135888993740082
1.88475000858307 0.137236997485161
1.87887001037598 0.138615995645523
1.87288999557495 0.14002700150013
1.86679995059967 0.141471996903419
1.86059999465942 0.142950996756554
1.85430002212524 0.144466996192932
1.84788000583649 0.146018996834755
1.84134995937347 0.147609993815422
1.83469998836517 0.149240002036095
1.82792997360229 0.150911003351212
1.82103002071381 0.152624994516373
1.81401002407074 0.1543820053339
1.80685997009277 0.156185001134872
1.7995799779892 0.15803499519825
1.79217004776001 0.159933999180794
1.78461003303528 0.161883994936943
1.77691996097565 0.163885995745659
1.76908004283905 0.165941998362541
1.76109004020691 0.16805599629879
1.75294995307922 0.170228004455566
1.74466001987457 0.172461003065109
1.73620998859406 0.17475700378418
1.72759997844696 0.177120000123978
1.71881997585297 0.179551005363464
1.7098799943924 0.182053998112679
1.70074999332428 0.184631004929543
1.69272005558014 0.186922997236252
1.68455994129181 0.189274996519089
1.67624998092651 0.191688999533653
1.667799949646 0.194168001413345
1.65921998023987 0.196713998913765
1.65048003196716 0.199330002069473
1.64158999919891 0.202017992734909
1.63256001472473 0.204780995845795
1.62336003780365 0.20762200653553
1.61400997638702 0.210545003414154
1.60450005531311 0.213551998138428
1.59482002258301 0.216646999120712
1.58498001098633 0.219833001494408
1.57495999336243 0.223114997148514
1.56476998329163 0.226495996117592
1.55440998077393 0.229981005191803
1.54385995864868 0.233574002981186
1.53313004970551 0.237278997898102
1.5222100019455 0.241102993488312
1.51110005378723 0.245048999786377
1.49978995323181 0.249124005436897
1.48828995227814 0.253333985805511
1.48050999641418 0.256217986345291
1.47264003753662 0.259166985750198
1.46467995643616 0.262181997299194
1.45662999153137 0.265266001224518
1.44848001003265 0.268420994281769
1.44024002552032 0.27164900302887
1.43191003799438 0.274951994419098
1.42348003387451 0.278333008289337
1.41495001316071 0.281794995069504
1.40631997585297 0.285340011119843
1.39760005474091 0.288969993591309
1.3887699842453 0.292690008878708
1.37984001636505 0.296501994132996
1.37082004547119 0.300408005714417
1.36169004440308 0.304412990808487
1.35245001316071 0.30851998925209
1.34311997890472 0.312732994556427
1.33367002010345 0.317054003477097
1.32413005828857 0.321489006280899
1.31447994709015 0.326041013002396
1.30472004413605 0.330713987350464
1.2948499917984 0.335514008998871
1.28488004207611 0.340443998575211
1.27479994297028 0.345510005950928
1.26461005210876 0.3507159948349
1.2577600479126 0.354268014431
1.25085997581482 0.357885986566544
1.24390995502472 0.36157301068306
1.23691999912262 0.365330010652542
1.22987997531891 0.369157999753952
1.22277998924255 0.373061001300812
1.21563994884491 0.377038985490799
1.20845997333527 0.381094992160797
1.20122003555298 0.385230004787445
1.1939400434494 0.389447003602982
1.18660998344421 0.393747985363007
1.1792299747467 0.398135989904404
1.17181003093719 0.402612000703812
1.16434001922607 0.407178997993469
1.15682005882263 0.411839008331299
1.1492600440979 0.416595011949539
1.14164996147156 0.421449989080429
1.13399994373322 0.426407009363174
1.12629997730255 0.431466996669769
1.1185599565506 0.436634004116058
1.11076998710632 0.44191101193428
1.10294997692108 0.447301000356674
1.09508001804352 0.452807009220123
1.08717000484467 0.458433002233505
1.07921004295349 0.464181005954742
1.07122004032135 0.470055997371674
1.06318998336792 0.476060003042221
1.05511999130249 0.482196986675262
1.04700994491577 0.488471001386642
1.04158997535706 0.492731988430023
1.0361499786377 0.497056990861893
1.03069996833801 0.501446008682251
1.02523005008698 0.505901992321014
1.019739985466 0.510424971580505
1.014240026474 0.515016973018646
1.00873005390167 0.519679009914398
1.00320994853973 0.524411976337433
0.997671008110046 0.529217004776001
0.992120981216431 0.534097015857697
0.986559987068176 0.539050996303558
0.980987012386322 0.544082999229431
0.975404024124146 0.549192011356354
0.969811022281647 0.554379999637604
0.964208006858826 0.559650003910065
0.958595991134644 0.565002024173737
0.9529749751091 0.570438027381897
0.947346985340118 0.575958013534546
0.941712021827698 0.581565976142883
0.936070024967194 0.587261974811554
0.930423021316528 0.593048989772797
0.924769997596741 0.59892600774765
0.919113993644714 0.604897022247314
0.913452982902527 0.610961973667145
0.907790005207062 0.617124021053314
0.902125000953674 0.623382985591888
0.896458983421326 0.629742026329041
0.890792012214661 0.636202991008759
0.885125994682312 0.642765998840332
0.879462003707886 0.649433970451355
0.873799026012421 0.656207978725433
0.868139982223511 0.663088977336884
0.862484991550446 0.67008101940155
0.856835007667542 0.677182972431183
0.851190984249115 0.684397995471954
0.847432971000671 0.689271986484528
0.843677997589111 0.69419801235199
0.83992600440979 0.699175000190735
0.83617901802063 0.704204022884369
0.83243602514267 0.709286987781525
0.828697979450226 0.714421987533569
0.824963986873627 0.719612002372742
0.82123601436615 0.724856019020081
0.817514002323151 0.730154991149902
0.813798010349274 0.735508978366852
0.810087978839874 0.74091899394989
0.806384027004242 0.746384978294373
0.802688002586365 0.751906991004944
0.798999011516571 0.757486999034882
0.795316994190216 0.763125002384186
0.791643977165222 0.768819987773895
0.787979006767273 0.774573981761932
0.784322023391724 0.780386984348297
0.780674993991852 0.78625899553299
0.777037024497986 0.792191028594971
0.773407995700836 0.798183023929596
0.76978999376297 0.804234981536865
0.766182005405426 0.810348987579346
0.76258397102356 0.816524028778076
0.758997976779938 0.822759985923767
0.755423009395599 0.829057991504669
0.751860022544861 0.835418999195099
0.748309016227722 0.841843008995056
0.744769990444183 0.848330020904541
0.741244971752167 0.854879975318909
0.737731993198395 0.861492991447449
0.734233021736145 0.868170976638794
0.730746984481812 0.874912977218628
0.727276027202606 0.881720006465912
0.723819017410278 0.88859099149704
0.720377027988434 0.895528018474579
0.716951012611389 0.902529001235962
0.713539004325867 0.909596979618073
0.710143029689789 0.916728973388672
0.706763982772827 0.923928022384644
0.703400015830994 0.931192994117737
0.700053989887238 0.938524007797241
0.696723997592926 0.945922017097473
0.693412005901337 0.953386008739471
0.690117001533508 0.960915982723236
0.686839997768402 0.968513011932373
0.683580994606018 0.976176977157593
0.680339992046356 0.983907997608185
0.677118003368378 0.991706013679504
0.673915028572083 0.999571025371552
0.670731008052826 1.00750005245209
0.667566001415253 1.01549994945526
0.664421021938324 1.02356994152069
0.661296010017395 1.03170001506805
0.658191025257111 1.03989994525909
0.655106008052826 1.04816997051239
0.652041018009186 1.05649995803833
0.648998022079468 1.06490004062653
0.64597499370575 1.0733699798584
0.642973005771637 1.0819000005722
0.639991998672485 1.09049999713898
0.637032985687256 1.09916996955872
0.634095013141632 1.10790002346039
0.631178975105286 1.11670005321503
0.628284990787506 1.12556004524231
0.625411987304688 1.13449001312256
0.622561991214752 1.14347994327545
0.619733989238739 1.1525399684906
0.616927981376648 1.16166996955872
0.614144027233124 1.17086005210876
0.611383020877838 1.18010997772217
0.608644008636475 1.18942999839783
0.605928003787994 1.19880998134613
0.603233993053436 1.20825004577637
0.600564002990723 1.21775996685028
0.597916007041931 1.22732996940613
0.595290005207062 1.23696994781494
0.592688024044037 1.24665999412537
0.590107977390289 1.25642001628876
0.58755099773407 1.26624000072479
0.585017025470734 1.27611994743347
0.582506000995636 1.28605997562408
0.58001697063446 1.29606997966766
0.577551007270813 1.30613005161285
0.575107991695404 1.3162499666214
0.572687983512878 1.32642996311188
0.57029002904892 1.33667004108429
0.567915022373199 1.34696996212006
0.565563023090363 1.35732996463776
0.563233017921448 1.36775004863739
0.560925006866455 1.37821996212006
0.558640003204346 1.38874995708466
0.556376993656158 1.39933001995087
0.554135978221893 1.40998005867004
0.551917016506195 1.42067003250122
0.549719989299774 1.43142998218536
0.54754501581192 1.44223999977112
0.545391976833344 1.45309996604919
0.543260991573334 1.46401000022888
0.541150987148285 1.47497999668121
0.539062023162842 1.48600995540619
0.536994993686676 1.49707996845245
0.534949004650116 1.50820994377136
0.532923996448517 1.51938998699188
0.530920028686523 1.53061997890472
0.528936982154846 1.54190003871918
0.526974022388458 1.55323994159698
0.525031983852386 1.56462001800537
0.523109972476959 1.57605004310608
0.521207988262177 1.58753001689911
0.519325971603394 1.59906005859375
0.517464995384216 1.61064004898071
0.515622019767761 1.62226998806
0.513800024986267 1.63393998146057
0.511996984481812 1.64566004276276
0.510213017463684 1.65743005275726
0.508448004722595 1.66925001144409
0.506700992584229 1.68111002445221
0.504974007606506 1.69300997257233
0.503265023231506 1.70495998859406
0.502135992050171 1.7129499912262
0.501388013362885 1.71828997135162
0.500890970230103 1.72186005115509
0.500560998916626 1.72423005104065
0.50034099817276 1.72581994533539
0.500195026397705 1.72687995433807
0.5 1.72828996181488
0.5 1.72828996181488
0.499805003404617 1.72969996929169
0.49965900182724 1.73075997829437
0.499440997838974 1.7323499917984
0.499114006757736 1.7347400188446
0.498623996973038 1.7383199930191
0.497893005609512 1.74370002746582
0.496802985668182 1.75178003311157
0.495182007551193 1.76394999027252
0.493579000234604 1.77614998817444
0.491993010044098 1.78840005397797
0.490424007177353 1.80069005489349
0.48887300491333 1.81303000450134
0.487338006496429 1.82539999485016
0.48581999540329 1.83781003952026
0.484319001436234 1.85027003288269
0.482832998037338 1.86275994777679
0.481364011764526 1.87529003620148
0.479910999536514 1.88786995410919
0.478473991155624 1.90048003196716
0.477052003145218 1.91313004493713
0.475645989179611 1.9258199930191
0.474254995584488 1.93853998184204
0.472880005836487 1.95131003856659
0.471518993377686 1.96411001682281
0.470173001289368 1.97694003582001
0.46884098649025 1.98982000350952
0.467525005340576 2.00272989273071
0.466221988201141 2.01567006111145
0.46493399143219 2.0286500453949
0.4636589884758 2.04167008399963
0.462397992610931 2.05471992492676
0.461151003837585 2.06780004501343
0.459917992353439 2.08091998100281
0.458698004484177 2.09406995773315
0.457491010427475 2.10725998878479
0.456297010183334 2.12048006057739
0.455116003751755 2.13372993469238
0.453947991132736 2.14701008796692
0.45279198884964 2.16033005714417
0.451647996902466 2.17367005348206
0.450516998767853 2.18705010414124
0.449398010969162 2.20046997070313
0.448291003704071 2.21391010284424
0.447196006774902 2.22738003730774
0.446112990379333 2.24088001251221
0.445041000843048 2.25442004203796
0.443980008363724 2.26798009872437
0.442930996417999 2.28156995773315
0.441893011331558 2.29519009590149
0.440865993499756 2.30884003639221
0.439850002527237 2.3225200176239
0.438845008611679 2.33623003959656
0.437849998474121 2.34997010231018
0.436865001916885 2.36372995376587
0.435891002416611 2.37753009796143
0.434926986694336 2.39135003089905
0.433973997831345 2.40518999099731
0.433030009269714 2.41907000541687
0.432096004486084 2.43297004699707
0.431172013282776 2.44689011573792
0.430256992578506 2.46085000038147
0.429351985454559 2.47482991218567
0.428456991910934 2.48883008956909
0.427569985389709 2.5028600692749
0.426692992448807 2.51692008972168
0.425824999809265 2.53099989891052
0.424964994192123 2.54510998725891
0.424115002155304 2.55924010276794
0.423272997140884 2.57339000701904
0.422439992427826 2.58756995201111
0.421205997467041 2.60889005661011
0.419990986585617 2.63024997711182
0.418794006109238 2.65166997909546
0.417614996433258 2.67315006256104
0.416453987360001 2.69466996192932
0.415311008691788 2.71623992919922
0.414184004068375 2.73785996437073
0.413075000047684 2.75954008102417
0.411980986595154 2.78126001358032
0.410903990268707 2.80302000045776
0.409842997789383 2.82484006881714
0.40879699587822 2.84669995307922
0.407766997814178 2.86860990524292
0.406751990318298 2.89055991172791
0.40575098991394 2.9125599861145
0.404765009880066 2.93460011482239
0.403793007135391 2.95668005943298
0.402835994958878 2.97881007194519
0.401890993118286 3.00097990036011
0.400961011648178 3.02319002151489
0.40004301071167 3.04543995857239
0.399138987064362 3.06772994995117
0.398247003555298 3.09007000923157
0.397368013858795 3.11244010925293
0.396501004695892 3.134850025177
0.395646005868912 3.15729999542236
0.394802987575531 3.17979001998901
0.393972009420395 3.20231008529663
0.393151998519897 3.22486996650696
0.392343014478683 3.24746990203857
0.391546010971069 3.27010989189148
0.390758991241455 3.29277992248535
0.389982998371124 3.31547999382019
0.389216989278793 3.33821988105774
0.388462007045746 3.36100006103516
0.387717008590698 3.38380002975464
0.386981993913651 3.40664005279541
0.386256009340286 3.42951989173889
0.385540008544922 3.4524199962616
0.384833991527557 3.47535991668701
0.384137004613876 3.49833011627197
0.383448988199234 3.52133011817932
0.382770001888275 3.54435992240906
0.382099986076355 3.56742000579834
0.381437987089157 3.59050989151001
0.38078498840332 3.61363005638123
0.380140990018845 3.63678002357483
0.37950399518013 3.65995001792908
0.378876000642776 3.68316006660461
0.378255009651184 3.70638990402222
0.37764298915863 3.72965002059937
0.37703800201416 3.7529399394989
0.37644100189209 3.7762598991394
0.375851005315781 3.79959988594055
0.375268995761871 3.82296991348267
0.374693006277084 3.84635996818542
0.374125003814697 3.86978006362915
0.373564004898071 3.89321994781494
0.373008996248245 3.91669011116028
0.372462004423141 3.94018006324768
0.371921002864838 3.96370005607605
0.371385991573334 3.98724007606506
0.370858013629913 4.01080989837646
0.370337009429932 4.03438997268677
0.369821012020111 4.05800008773804
0.369311988353729 4.08163976669312
0.368808001279831 4.10528993606567
0.368310987949371 4.1289701461792
0.367819011211395 4.15266990661621
0.367092996835709 4.18826007843018
0.366378992795944 4.22388982772827
0.365676999092102 4.25957012176514
0.36498698592186 4.29530000686646
0.364309996366501 4.33106994628906
0.363642990589142 4.36688995361328
0.362987995147705 4.40275001525879
0.362343996763229 4.43865013122559
0.361710995435715 4.47458982467651
0.361088007688522 4.51057004928589
0.36047500371933 4.54658985137939
0.35987201333046 4.58265018463135
0.359279006719589 4.61875009536743
0.358696013689041 4.65488004684448
0.358121991157532 4.69106006622314
0.357558012008667 4.72726011276245
0.35700199007988 4.76351022720337
0.356454998254776 4.7997899055481
0.355917006731033 4.83610010147095
0.355387002229691 4.87243986129761
0.35486501455307 4.90882015228271
0.354351013898849 4.94523000717163
0.353845000267029 4.98166990280151
0.35334700345993 5.01813983917236
0.352856993675232 5.0546498298645
0.352373987436295 5.09117984771729
0.351898014545441 5.12773990631104
0.351428985595703 5.16433000564575
0.350966989994049 5.20095014572144
0.350511997938156 5.23758983612061
0.350064009428024 5.27427005767822
0.349622011184692 5.31096982955933
0.34918600320816 5.34769010543823
0.34875699877739 5.38443994522095
0.348334014415741 5.42121982574463
0.34791699051857 5.45802021026611
0.347505986690521 5.49485015869141
0.347101002931595 5.53169012069702
0.346700996160507 5.56857013702393
0.346307009458542 5.60546016693115
0.345919013023376 5.64238023757935
0.34553599357605 5.67931985855103
0.345158010721207 5.71627998352051
0.344785004854202 5.75326013565063
0.344417005777359 5.79026985168457
0.344054013490677 5.82729005813599
0.343695998191833 5.86433982849121
0.343342989683151 5.90140008926392
0.34282198548317 5.95702981948853
0.34231099486351 6.0127100944519
0.341811001300812 6.06842994689941
0.341320008039474 6.12417984008789
0.340837985277176 6.17997980117798
0.340364992618561 6.23581981658936
0.339902013540268 6.2916898727417
0.339446991682053 6.34759998321533
0.339000999927521 6.40354013442993
0.338562995195389 6.45951986312866
0.338133007287979 6.51554012298584
0.337709993124008 6.5715799331665
0.337296009063721 6.62765979766846
0.336888998746872 6.68377017974854
0.336488991975784 6.73991012573242
0.336095988750458 6.79608011245728
0.335709989070892 6.8522801399231
0.335330009460449 6.90851020812988
0.334957987070084 6.96475982666016
0.334591001272202 7.02104997634888
0.334230989217758 7.07735013961792
0.333876997232437 7.13368988037109
0.333528995513916 7.19005012512207
0.333187013864517 7.24642992019653
0.332850009202957 7.30284023284912
0.332518994808197 7.3592700958252
0.332192987203598 7.41571998596191
0.331872999668121 7.4721999168396
0.331557989120483 7.52868986129761
0.331247001886368 7.58520984649658
0.330942004919052 7.6417498588562
0.330641001462936 7.69830989837646
0.330345004796982 7.75488996505737
0.329910010099411 7.83978986740112
0.32948499917984 7.92473983764648
0.329070001840591 8.00973033905029
0.328662991523743 8.09475040435791
0.328265994787216 8.17982006072998
0.327877998352051 8.26492023468018
0.327497988939285 8.35004997253418
0.327125996351242 8.43523025512695
0.32676300406456 8.52042961120605
0.326406985521317 8.6056604385376
0.326058000326157 8.69093036651611
0.325717002153397 8.77622985839844
0.325383007526398 8.86155033111572
0.325055003166199 8.94690990447998
0.3247349858284 9.0322904586792
0.324420005083084 9.11769962310791
0.324111998081207 9.20312976837158
0.323810011148453 9.28859043121338
0.323514014482498 9.3740701675415
0.323224008083344 9.45958042144775
0.32293900847435 9.54510974884033
0.322659999132156 9.63066005706787
0.322385996580124 9.71623039245605
0.322117000818253 9.80181980133057
0.321853011846542 9.88743019104004
0.321593999862671 9.97307014465332
0.321339011192322 10.0586996078491
