2.77226996421814 0.272700995206833
2.77226996421814 0.272700995206833
2.77226996421814 0.272700995206833
2.77226996421814 0.272700995206833
2.77226996421814 0.272700995206833
2.77225995063782 0.272700011730194
2.77225995063782 0.272700011730194
2.77225995063782 0.272700011730194
2.77225995063782 0.272700011730194
2.77225995063782 0.272698998451233
2.7722499370575 0.272698998451233
2.7722499370575 0.272698998451233
2.7722499370575 0.272698998451233
2.7722499370575 0.272698998451233
2.77223992347717 0.272697985172272
2.77223992347717 0.272697985172272
2.77223992347717 0.272697985172272
2.77223992347717 0.272697985172272
2.77222990989685 0.272697001695633
2.77222990989685 0.272697001695633
2.77222990989685 0.272697001695633
2.77222990989685 0.272697001695633
2.77222990989685 0.272697001695633
2.77221989631653 0.272695988416672
2.77221989631653 0.272695988416672
2.77221989631653 0.272695988416672
2.77221989631653 0.272695988416672
2.77220988273621 0.272695004940033
2.77220988273621 0.272695004940033
2.77220988273621 0.272695004940033
2.77220988273621 0.272695004940033
2.77220010757446 0.272693991661072
2.77220010757446 0.272693991661072
2.77220010757446 0.272693991661072
2.77220010757446 0.272693991661072
2.77219009399414 0.272693991661072
2.77219009399414 0.272693008184433
2.77219009399414 0.272693008184433
2.77219009399414 0.272693008184433
2.77218008041382 0.272693008184433
2.77218008041382 0.272691994905472
2.77218008041382 0.272691994905472
2.77218008041382 0.272691994905472
2.7721700668335 0.272691994905472
2.7721700668335 0.272691011428833
2.7721700668335 0.272691011428833
2.7721700668335 0.272691011428833
2.77216005325317 0.272691011428833
2.77216005325317 0.272689998149872
2.77216005325317 0.272689998149872
2.77216005325317 0.272689998149872
2.77215003967285 0.272689998149872
2.77215003967285 0.272689014673233
2.77215003967285 0.272689014673233
2.77215003967285 0.272689014673233
2.77214002609253 0.272689014673233
2.77214002609253 0.272688001394272
2.77214002609253 0.272688001394272
2.77214002609253 0.272688001394272
2.77213001251221 0.272686988115311
2.77213001251221 0.272686988115311
2.77213001251221 0.272686988115311
2.77213001251221 0.272686988115311
2.77211999893188 0.272686004638672
2.77211999893188 0.272686004638672
2.77211999893188 0.272686004638672
2.77210998535156 0.272686004638672
2.77210998535156 0.272684991359711
2.77210998535156 0.272684991359711
2.77210998535156 0.272684991359711
2.77209997177124 0.272684991359711
2.77209997177124 0.272684007883072
2.77209997177124 0.272684007883072
2.77208995819092 0.272684007883072
2.77208995819092 0.272682994604111
2.77208995819092 0.272682994604111
2.77208995819092 0.272682994604111
2.7720799446106 0.272682994604111
2.7720799446106 0.272682011127472
2.7720799446106 0.272682011127472
2.77206993103027 0.272682011127472
2.77206993103027 0.272680997848511
2.77206993103027 0.272680997848511
2.77206993103027 0.272680997848511
2.77205991744995 0.272680997848511
2.77205991744995 0.272680014371872
2.77205991744995 0.272680014371872
2.77204990386963 0.272680014371872
2.77204990386963 0.272679001092911
2.77204990386963 0.272679001092911
2.77203989028931 0.272679001092911
2.77203989028931 0.27267798781395
2.77203989028931 0.27267798781395
2.77203989028931 0.27267798781395
2.77203011512756 0.27267798781395
2.77203011512756 0.272677004337311
2.77203011512756 0.272677004337311
2.77202010154724 0.272677004337311
2.77202010154724 0.27267599105835
2.77202010154724 0.27267599105835
2.77201008796692 0.27267599105835
2.77201008796692 0.272675007581711
2.77201008796692 0.272675007581711
2.7720000743866 0.272675007581711
2.7720000743866 0.27267399430275
2.7720000743866 0.27267399430275
2.77199006080627 0.27267399430275
2.77199006080627 0.272673010826111
2.77199006080627 0.272673010826111
2.77198004722595 0.272673010826111
2.77198004722595 0.272673010826111
2.77198004722595 0.27267199754715
2.77197003364563 0.27267199754715
2.77197003364563 0.27267199754715
2.77197003364563 0.272671014070511
2.77196002006531 0.272671014070511
2.77196002006531 0.272671014070511
2.77196002006531 0.27267000079155
2.77195000648499 0.27267000079155
2.77195000648499 0.27267000079155
2.77195000648499 0.272668987512589
2.77193999290466 0.272668987512589
2.77193999290466 0.272668987512589
2.77193999290466 0.27266800403595
2.77192997932434 0.27266800403595
2.77192997932434 0.272666990756989
2.77192997932434 0.272666990756989
2.77191996574402 0.272666990756989
2.77191996574402 0.27266600728035
2.77191996574402 0.27266600728035
2.7719099521637 0.27266600728035
2.7719099521637 0.272664994001389
2.7719099521637 0.272664994001389
2.77189993858337 0.272664994001389
2.77189993858337 0.27266401052475
2.77188992500305 0.27266401052475
2.77188992500305 0.27266401052475
2.77188992500305 0.272662997245789
2.77187991142273 0.272662997245789
2.77187991142273 0.27266201376915
2.77187991142273 0.27266201376915
2.77186989784241 0.27266201376915
2.77186989784241 0.272661000490189
2.77185988426208 0.272661000490189
2.77185988426208 0.272661000490189
2.77185988426208 0.272659987211227
2.77185010910034 0.272659987211227
2.77185010910034 0.272659003734589
2.77185010910034 0.272659003734589
2.77184009552002 0.272659003734589
2.77184009552002 0.272657990455627
2.7718300819397 0.272657990455627
2.7718300819397 0.272657990455627
2.7718300819397 0.272657006978989
2.77182006835938 0.272657006978989
2.77182006835938 0.272655993700027
2.77181005477905 0.272655993700027
2.77181005477905 0.272655993700027
2.77181005477905 0.272655010223389
2.77180004119873 0.272655010223389
2.77180004119873 0.272653996944427
2.77179002761841 0.272653996944427
2.77179002761841 0.272653996944427
2.77178001403809 0.272653013467789
2.77178001403809 0.272653013467789
2.77178001403809 0.272652000188828
2.77177000045776 0.272652000188828
2.77177000045776 0.272650986909866
2.77175998687744 0.272650986909866
2.77175998687744 0.272650986909866
2.77175998687744 0.272650003433228
2.77174997329712 0.272650003433228
2.77174997329712 0.272648990154266
2.7717399597168 0.272648990154266
2.7717399597168 0.272648990154266
2.77172994613647 0.272648006677628
2.77172994613647 0.272648006677628
2.77171993255615 0.272646993398666
2.77171993255615 0.272646993398666
2.77171993255615 0.272646009922028
2.77170991897583 0.272646009922028
2.77170991897583 0.272644996643066
2.77169990539551 0.272644996643066
2.77169990539551 0.272644996643066
2.77168989181519 0.272644013166428
2.77168989181519 0.272644013166428
2.77168011665344 0.272642999887466
2.77168011665344 0.272642999887466
2.77167010307312 0.272641986608505
2.77167010307312 0.272641986608505
2.77167010307312 0.272641003131866
2.7716600894928 0.272641003131866
2.7716600894928 0.272639989852905
2.77165007591248 0.272639989852905
2.77165007591248 0.272639006376266
2.77164006233215 0.272639006376266
2.77164006233215 0.272637993097305
2.77163004875183 0.272637993097305
2.77163004875183 0.272637993097305
2.77162003517151 0.272637009620667
2.77162003517151 0.272637009620667
2.77161002159119 0.272635996341705
2.77161002159119 0.272635996341705
2.77160000801086 0.272635012865067
2.77160000801086 0.272635012865067
2.77158999443054 0.272633999586105
2.77158999443054 0.272633999586105
2.77157998085022 0.272632986307144
2.77157998085022 0.272632986307144
2.7715699672699 0.272632002830505
2.7715699672699 0.272632002830505
2.77155995368958 0.272630989551544
2.77155995368958 0.272630989551544
2.77154994010925 0.272630006074905
2.77153992652893 0.272628992795944
2.77153992652893 0.272628992795944
2.77152991294861 0.272628009319305
2.77152991294861 0.272628009319305
2.77151989936829 0.272626996040344
2.77151989936829 0.272626996040344
2.77150988578796 0.272626012563705
2.77150988578796 0.272626012563705
2.77150011062622 0.272624999284744
2.77150011062622 0.272624999284744
2.7714900970459 0.272623986005783
2.77148008346558 0.272623986005783
2.77148008346558 0.272623002529144
2.77147006988525 0.272621989250183
2.77147006988525 0.272621989250183
2.77146005630493 0.272621005773544
2.77146005630493 0.272621005773544
2.77145004272461 0.272619992494583
2.77144002914429 0.272619992494583
2.77144002914429 0.272619009017944
2.77143001556396 0.272617995738983
2.77143001556396 0.272617995738983
2.77142000198364 0.272617012262344
2.77142000198364 0.272617012262344
2.77140998840332 0.272615998983383
2.771399974823 0.272615998983383
2.771399974823 0.272614985704422
2.77138996124268 0.272614002227783
2.77138996124268 0.272614002227783
2.77137994766235 0.272612988948822
2.77136993408203 0.272612988948822
2.77136993408203 0.272612005472183
2.77135992050171 0.272610992193222
2.77134990692139 0.272610992193222
2.77134990692139 0.272610008716583
2.77133989334106 0.272608995437622
2.77133989334106 0.272608995437622
2.77133011817932 0.272608011960983
2.771320104599 0.272608011960983
2.771320104599 0.272606998682022
2.77131009101868 0.272605985403061
2.77130007743835 0.272605985403061
2.77130007743835 0.272605001926422
2.77129006385803 0.272603988647461
2.77128005027771 0.272603988647461
2.77128005027771 0.272603005170822
2.77127003669739 0.272601991891861
2.77126002311707 0.272601991891861
2.77126002311707 0.272601008415222
2.77125000953674 0.272599995136261
2.77123999595642 0.272599995136261
2.77123999595642 0.272599011659622
2.7712299823761 0.272597998380661
2.77121996879578 0.272597998380661
2.77120995521545 0.2725969851017
2.77120995521545 0.272596001625061
2.77119994163513 0.272596001625061
2.77118992805481 0.2725949883461
2.77118992805481 0.272594004869461
2.77117991447449 0.2725929915905
2.77116990089417 0.2725929915905
2.77115988731384 0.272592008113861
2.77115988731384 0.2725909948349
2.7711501121521 0.2725909948349
2.77114009857178 0.272590011358261
2.77114009857178 0.2725889980793
2.77113008499146 0.272588014602661
2.77112007141113 0.272588014602661
2.77111005783081 0.2725870013237
2.77111005783081 0.272585988044739
2.77110004425049 0.2725850045681
2.77109003067017 0.2725850045681
2.77108001708984 0.272583991289139
2.77107000350952 0.2725830078125
2.77107000350952 0.272581994533539
2.7710599899292 0.272581994533539
2.77104997634888 0.2725810110569
2.77103996276855 0.272579997777939
2.77102994918823 0.2725790143013
2.77102994918823 0.272578001022339
2.77101993560791 0.272578001022339
2.77100992202759 0.272576987743378
2.77099990844727 0.272576004266739
2.77098989486694 0.272574990987778
2.77098989486694 0.272574007511139
2.77097988128662 0.272572994232178
2.77097010612488 0.272572994232178
2.77096009254456 0.272572010755539
2.77095007896423 0.272570997476578
2.77094006538391 0.272570013999939
2.77094006538391 0.272569000720978
2.77093005180359 0.272567987442017
2.77092003822327 0.272567987442017
2.77091002464294 0.272567003965378
2.77090001106262 0.272565990686417
2.7708899974823 0.272565007209778
2.77087998390198 0.272563993930817
2.77086997032166 0.272563010454178
2.77085995674133 0.272561997175217
2.77085995674133 0.272561013698578
2.77084994316101 0.272561013698578
2.77083992958069 0.272560000419617
2.77082991600037 0.272558987140656
2.77081990242004 0.272558003664017
2.77080988883972 0.272556990385056
2.77080011367798 0.272556006908417
2.77079010009766 0.272554993629456
2.77078008651733 0.272554010152817
2.77077007293701 0.272552996873856
2.77076005935669 0.272552013397217
2.77075004577637 0.272551000118256
2.77074003219604 0.272549986839294
2.77073001861572 0.272549003362656
2.7707200050354 0.272547990083694
2.77070999145508 0.272547006607056
2.77069997787476 0.272545993328094
2.77068996429443 0.272545009851456
2.77067995071411 0.272543996572495
2.77066993713379 0.272543013095856
2.77065992355347 0.272541999816895
2.77064990997314 0.272540986537933
2.77063989639282 0.272540003061295
2.7706298828125 0.272538989782333
2.77062010765076 0.272538006305695
2.77061009407043 0.272536993026733
2.77060008049011 0.272536009550095
2.77059006690979 0.272534996271133
2.77058005332947 0.272534012794495
2.77057003974915 0.272532999515533
2.77056002616882 0.272531986236572
2.7705500125885 0.272531002759933
2.77053999900818 0.272529989480972
2.77051997184753 0.272529006004333
2.77050995826721 0.272527992725372
2.77049994468689 0.272527009248734
2.77048993110657 0.272525012493134
2.77047991752625 0.272523999214172
2.77046990394592 0.272522985935211
2.7704598903656 0.272522002458572
2.77045011520386 0.272520989179611
2.77043008804321 0.272520005702972
2.77042007446289 0.272518992424011
2.77041006088257 0.272516995668411
2.77040004730225 0.272516012191772
2.77039003372192 0.272514998912811
2.77037000656128 0.27251398563385
2.77035999298096 0.272513002157211
2.77034997940063 0.27251198887825
2.77033996582031 0.27250999212265
2.77032995223999 0.272509008646011
2.77030992507935 0.27250799536705
2.77029991149902 0.272507011890411
2.7702898979187 0.272504985332489
2.77027988433838 0.27250400185585
2.77026009559631 0.272502988576889
2.77025008201599 0.27250200510025
2.77024006843567 0.27250000834465
2.77022004127502 0.272498995065689
2.7702100276947 0.27249801158905
2.77020001411438 0.272496998310089
2.77017998695374 0.272495001554489
2.77016997337341 0.272493988275528
2.77015995979309 0.272493004798889
2.77013993263245 0.272491008043289
2.77012991905212 0.272489994764328
2.7701199054718 0.272489011287689
2.77010011672974 0.272487014532089
2.77009010314941 0.272486001253128
2.77008008956909 0.272484004497528
2.77006006240845 0.272482991218567
2.77005004882813 0.272482007741928
2.77003002166748 0.272480010986328
2.77002000808716 0.272478997707367
2.76999998092651 0.272477000951767
2.76998996734619 0.272475987672806
2.76996994018555 0.272473990917206
2.76995992660522 0.272473007440567
2.7699499130249 0.272471010684967
2.76992988586426 0.272469997406006
2.76991009712219 0.272469013929367
2.76990008354187 0.272466987371445
2.76988005638123 0.272464990615845
2.7698700428009 0.272464007139206
2.76985001564026 0.272462010383606
2.76984000205994 0.272460997104645
2.76981997489929 0.272459000349045
2.76980996131897 0.272457987070084
2.76978993415833 0.272455990314484
2.76976990699768 0.272455006837845
2.76975989341736 0.272453010082245
2.76974010467529 0.272451013326645
2.76973009109497 0.272450000047684
2.76971006393433 0.272448003292084
2.76969003677368 0.272446006536484
2.76967000961304 0.272444993257523
2.76965999603271 0.272442996501923
2.76963996887207 0.272440999746323
2.76961994171143 0.272439986467361
2.7696099281311 0.272437989711761
2.76958990097046 0.272435992956161
2.76957011222839 0.272435009479523
2.76955008506775 0.272433012723923
2.76954007148743 0.272430986166
2.76952004432678 0.2724289894104
2.76950001716614 0.2724269926548
2.76947999000549 0.272426009178162
2.76945996284485 0.272424012422562
2.7694399356842 0.272421985864639
2.76942992210388 0.272419989109039
2.76940989494324 0.272417992353439
2.76939010620117 0.272415995597839
2.76937007904053 0.272415012121201
2.76935005187988 0.272412985563278
2.76933002471924 0.272410988807678
2.76930999755859 0.272408992052078
2.76928997039795 0.272406995296478
2.7692699432373 0.272404998540878
2.76924991607666 0.272403001785278
2.76922988891602 0.272401005029678
2.76921010017395 0.272399008274078
2.76919007301331 0.272397011518478
2.76917004585266 0.272395014762878
2.76915001869202 0.272392988204956
2.76912999153137 0.272390991449356
2.76910996437073 0.272388994693756
2.76908993721008 0.272386997938156
2.76905989646912 0.272383987903595
2.76904010772705 0.272381991147995
2.76902008056641 0.272379994392395
2.76900005340576 0.272377997636795
2.76898002624512 0.272376000881195
2.76895999908447 0.272374004125595
2.76892995834351 0.272370994091034
2.76890993118286 0.272368997335434
2.76888990402222 0.272367000579834
2.76886010169983 0.272365003824234
2.76884007453918 0.272361993789673
2.76882004737854 0.272359997034073
2.76879000663757 0.272358000278473
2.76876997947693 0.272354990243912
2.76874995231628 0.272352993488312
2.76871991157532 0.272350013256073
2.76869988441467 0.272347986698151
2.76867008209229 0.272345989942551
2.76865005493164 0.272343009710312
2.76862001419067 0.272341012954712
2.76859998703003 0.272338002920151
2.76856994628906 0.272336006164551
2.76854991912842 0.27233299612999
2.76852011680603 0.27233099937439
2.76850008964539 0.272327989339828
2.76847004890442 0.27232500910759
2.76844000816345 0.27232301235199
2.76841998100281 0.272320002317429
2.76838994026184 0.272316992282867
2.76835989952087 0.272314995527267
2.76833009719849 0.272311985492706
2.76831007003784 0.272309005260468
2.76828002929688 0.272307008504868
2.76824998855591 0.272303998470306
2.76821994781494 0.272300988435745
2.76818990707397 0.272298008203506
2.76816010475159 0.272294998168945
2.76814007759094 0.272291988134384
2.76811003684998 0.272289007902145
2.76807999610901 0.272285997867584
2.76804995536804 0.272284001111984
2.76801991462708 0.272280991077423
2.76799011230469 0.272278010845184
2.76796007156372 0.272273987531662
2.76792001724243 0.272271007299423
2.76788997650146 0.272267997264862
2.7678599357605 0.272264987230301
2.76782989501953 0.272262006998062
2.76780009269714 0.272258996963501
2.76777005195618 0.27225598692894
2.76772999763489 0.27225199341774
2.76769995689392 0.272249013185501
2.76766991615295 0.27224600315094
2.76763010025024 0.27224200963974
2.76760005950928 0.272238999605179
2.76756000518799 0.272235989570618
2.76752996444702 0.272231996059418
2.76749992370605 0.272228986024857
2.76746010780334 0.272224992513657
2.76742005348206 0.272222012281418
2.76739001274109 0.272217988967896
2.7673499584198 0.272215008735657
2.76731991767883 0.272210985422134
2.76728010177612 0.272206991910934
2.76724004745483 0.272204011678696
2.76719999313354 0.272199988365173
2.76716995239258 0.272195994853973
2.76712989807129 0.272192001342773
2.76709008216858 0.272188991308212
2.76705002784729 0.272184997797012
2.767009973526 0.272181004285812
2.76696991920471 0.272177010774612
2.766930103302 0.27217298746109
2.76689004898071 0.27216899394989
2.76684999465942 0.27216500043869
2.76680994033813 0.27216100692749
2.76676988601685 0.272156000137329
2.76672005653381 0.272152006626129
2.76668000221252 0.272148013114929
2.76663994789124 0.272143989801407
2.7665901184082 0.272139012813568
2.76655006408691 0.272134989500046
2.76651000976563 0.272130995988846
2.76645994186401 0.272125989198685
2.76641988754272 0.272121995687485
2.76637005805969 0.272116988897324
2.76631999015808 0.272112011909485
2.76627993583679 0.272107988595963
2.76623010635376 0.272103011608124
2.76618003845215 0.272098004817963
2.76612997055054 0.272094011306763
2.76608991622925 0.272089004516602
2.76604008674622 0.27208399772644
2.7659900188446 0.272078990936279
2.76593995094299 0.272074013948441
2.76588988304138 0.272069007158279
2.76583003997803 0.272064000368118
2.76577997207642 0.272058993577957
2.7657299041748 0.272053003311157
2.76568007469177 0.272047996520996
2.76561999320984 0.272042989730835
2.76556992530823 0.272036999464035
2.7655200958252 0.272031992673874
2.76546001434326 0.272026985883713
2.76539993286133 0.272020995616913
2.7653501033783 0.272015005350113
2.76529002189636 0.272009998559952
2.76522994041443 0.272004008293152
2.76517009735107 0.27199798822403
2.76512002944946 0.27199199795723
2.76505994796753 0.27198600769043
2.76500010490417 0.271979987621307
2.76494002342224 0.271973997354507
2.76486992835999 0.271968007087708
2.76481008529663 0.271961987018585
2.7647500038147 0.271955996751785
2.76467990875244 0.271948993206024
2.76462006568909 0.271943002939224
2.76454997062683 0.271935999393463
2.7644898891449 0.271930009126663
2.76442003250122 0.271923005580902
2.76434993743896 0.271916002035141
2.76429009437561 0.27190899848938
2.76421999931335 0.27190300822258
2.7641499042511 0.271896004676819
2.76408004760742 0.271889001131058
2.76399993896484 0.271881014108658
2.76393008232117 0.271874010562897
2.76385998725891 0.271867007017136
2.76378011703491 0.271858990192413
2.76371002197266 0.271851986646652
2.76362991333008 0.271843999624252
2.7635600566864 0.271836996078491
2.76347994804382 0.271829009056091
2.76340007781982 0.271820992231369
2.76331996917725 0.271813005208969
2.76324009895325 0.271804988384247
2.76315999031067 0.271797001361847
2.76307010650635 0.271788001060486
2.76298999786377 0.271780014038086
2.76290988922119 0.271771997213364
2.76282000541687 0.271762996912003
2.76272988319397 0.271753996610641
2.76263999938965 0.271746009588242
2.76255011558533 0.27173700928688
2.76245999336243 0.271728008985519
2.76237010955811 0.271717995405197
2.76227998733521 0.271708995103836
2.76219010353088 0.271699994802475
2.76208996772766 0.271690011024475
2.76199007034302 0.271681010723114
2.76189994812012 0.271670997142792
2.76180005073547 0.271661013364792
2.76169991493225 0.27165099978447
2.76160001754761 0.271640986204147
2.76149010658264 0.271629989147186
2.76138997077942 0.271620005369186
2.76128005981445 0.271609008312225
2.76116991043091 0.271598011255264
2.76107001304626 0.271587997674942
2.7609601020813 0.27157598733902
2.76083993911743 0.271564990282059
2.76073002815247 0.271553993225098
2.7606201171875 0.271542012691498
2.76049995422363 0.271530985832214
2.76038002967834 0.271519005298615
2.76026010513306 0.271506994962692
2.76013994216919 0.271495014429092
2.7600200176239 0.271481990814209
2.75989007949829 0.271470010280609
2.75976991653442 0.271456986665726
2.75963997840881 0.271443992853165
2.7595100402832 0.271430999040604
2.75937008857727 0.271418005228043
2.75923991203308 0.27140399813652
2.75909996032715 0.271391004323959
2.75897002220154 0.271376997232437
2.75882005691528 0.271362990140915
2.75868010520935 0.271347999572754
2.75853991508484 0.271333992481232
2.75838994979858 0.271319001913071
2.75823998451233 0.27130401134491
2.75809001922607 0.271288990974426
2.75794005393982 0.271272987127304
2.75778007507324 0.271257996559143
2.75762009620667 0.271241992712021
2.75746011734009 0.27122500538826
2.75729990005493 0.271209001541138
2.75712990760803 0.271192014217377
2.75696992874146 0.271174997091293
2.75678992271423 0.271158009767532
2.75661993026733 0.27114000916481
2.75643992424011 0.271122992038727
2.75625991821289 0.271104007959366
2.75607991218567 0.271086007356644
2.75589990615845 0.27106699347496
2.7557098865509 0.271048009395599
2.75552010536194 0.271028995513916
2.75532007217407 0.271008998155594
2.75512003898621 0.270989000797272
2.75492000579834 0.27096900343895
2.75471997261047 0.270947992801666
2.75450992584229 0.270927011966705
2.75430011749268 0.270906001329422
2.75408005714417 0.2708840072155
2.75385999679565 0.270862013101578
2.75363993644714 0.270839005708694
2.75341010093689 0.270815998315811
2.75318002700806 0.270792990922928
2.75294995307922 0.270769000053406
2.75271010398865 0.270745009183884
2.75247001647949 0.2707200050354
2.75221991539001 0.270695000886917
2.75197005271912 0.270669013261795
2.75170993804932 0.270642995834351
2.7514500617981 0.270617008209229
2.75117993354797 0.270588994026184
2.75091004371643 0.270561993122101
2.75062990188599 0.270534008741379
2.75034999847412 0.270505011081696
2.75007009506226 0.270476013422012
2.74976992607117 0.270446002483368
2.74948000907898 0.270415991544724
2.74917006492615 0.27038499712944
2.74885988235474 0.270352989435196
2.7485499382019 0.270321011543274
2.74822998046875 0.270287990570068
2.74790000915527 0.270254999399185
2.74756002426147 0.270220011472702
2.74722003936768 0.270186007022858
2.74687004089355 0.270150005817413
2.74652004241943 0.270114004611969
2.74616003036499 0.270076006650925
2.74579000473022 0.270038992166519
2.74540996551514 0.270000010728836
2.74501991271973 0.269959986209869
2.7446300983429 0.269919991493225
2.74423003196716 0.269879013299942
2.74381995201111 0.269836008548737
2.74340009689331 0.269793003797531
2.74296998977661 0.269748985767365
2.74253010749817 0.269704014062881
2.74208998680115 0.269657999277115
2.74163007736206 0.269611001014709
2.74115991592407 0.269562989473343
2.74067997932434 0.269513010978699
2.74019002914429 0.269463002681732
2.73969006538391 0.269410997629166
2.73918008804321 0.26935800909996
2.73866009712219 0.269304007291794
2.73812007904053 0.269248992204666
2.73758006095886 0.269192010164261
2.73702001571655 0.269134014844894
2.7364399433136 0.269073992967606
2.7358500957489 0.269012987613678
2.7352499961853 0.26894998550415
2.73463010787964 0.268885999917984
2.73399996757507 0.268819987773895
2.73335003852844 0.268752008676529
2.73269009590149 0.268682986497879
2.73200988769531 0.268611997365952
2.73130989074707 0.268539011478424
2.73059010505676 0.268463999032974
2.72986006736755 0.268386989831924
2.72909998893738 0.268308013677597
2.72832989692688 0.268225997686386
2.72753000259399 0.268142998218536
2.72672009468079 0.268056988716125
2.72587990760803 0.267967998981476
2.72501993179321 0.267877012491226
2.72412991523743 0.267783999443054
2.72322010993958 0.267688006162643
2.72228002548218 0.267589002847672
2.72131991386414 0.267486989498138
2.72032999992371 0.267381995916367
2.71931004524231 0.267273008823395
2.71827006340027 0.267161995172501
2.71719002723694 0.267046988010406
2.71606993675232 0.266927987337112
2.71493005752563 0.26680600643158
2.71374988555908 0.266678988933563
2.71252989768982 0.266548991203308
2.71128010749817 0.266413986682892
2.70999002456665 0.266274988651276
2.7086501121521 0.266131013631821
2.707279920578 0.265982002019882
2.70584988594055 0.265828013420105
2.70439004898071 0.265668988227844
2.70286989212036 0.265504002571106
2.70129990577698 0.265334010124207
2.69968008995056 0.265157014131546
2.69799995422363 0.264973998069763
2.69626998901367 0.264784008264542
2.69446992874146 0.264586985111237
2.69262003898621 0.264382004737854
2.69069004058838 0.264169991016388
2.68869996070862 0.263949006795883
2.68663001060486 0.263720005750656
2.68447995185852 0.263480991125107
2.68226003646851 0.263233006000519
2.67994999885559 0.262973994016647
2.67755007743835 0.262704998254776
2.6750500202179 0.262423992156982
2.67246007919312 0.262131989002228
2.66977000236511 0.261826008558273
2.6670401096344 0.261516004800797
2.66420006752014 0.261191993951797
2.66125011444092 0.260854005813599
2.65817999839783 0.260500997304916
2.6549699306488 0.260131001472473
2.65163993835449 0.259743988513947
2.64815998077393 0.25933900475502
2.6445300579071 0.25891500711441
2.64073991775513 0.258468985557556
2.63811993598938 0.258159995079041
2.63542008399963 0.257840991020203
2.63263988494873 0.257510006427765
2.62978005409241 0.257169008255005
2.62683010101318 0.256815999746323
2.62379002571106 0.256449997425079
2.62065005302429 0.256072014570236
2.61741995811462 0.25567901134491
2.61407995223999 0.255273014307022
2.61063003540039 0.254851996898651
2.60706996917725 0.25441500544548
2.60339999198914 0.253960996866226
2.59960007667542 0.253491014242172
2.59567999839783 0.253001987934113
2.59298992156982 0.252665013074875
2.59024000167847 0.252319008111954
2.58741998672485 0.25196498632431
2.58454990386963 0.251599997282028
2.58159995079041 0.251226007938385
2.57858991622925 0.25084200501442
2.57551002502441 0.250447005033493
2.572350025177 0.250041007995605
2.56911993026733 0.249623000621796
2.56580996513367 0.249193996191025
2.56241989135742 0.248751997947693
2.55894994735718 0.2482970058918
2.55539989471436 0.247829005122185
2.55175995826721 0.247346997261047
2.54801988601685 0.246849998831749
2.54419994354248 0.246337994933128
2.54027009010315 0.245811000466347
2.53625011444092 0.245267003774643
2.53213000297546 0.244705006480217
2.52932000160217 0.244321003556252
2.52645993232727 0.243928998708725
2.52356004714966 0.243527993559837
2.52060008049011 0.24311800301075
2.51759004592896 0.24269899725914
2.51452994346619 0.24227100610733
2.51142001152039 0.241833999752998
2.50824999809265 0.241385996341705
2.50501990318298 0.240927994251251
2.50173997879028 0.240459993481636
2.49839997291565 0.23998099565506
2.49499988555908 0.239490002393723
2.49152994155884 0.238987997174263
2.48799991607666 0.238473996520042
2.48441004753113 0.237947002053261
2.48075008392334 0.237407997250557
2.47703003883362 0.236855000257492
2.47322988510132 0.236287996172905
2.46936988830566 0.235706001520157
2.46543002128601 0.235109999775887
2.4614200592041 0.234497994184494
2.45732998847961 0.23387099802494
2.45456004142761 0.233443006873131
2.45176005363464 0.233006998896599
2.44892001152039 0.232564002275467
2.44603991508484 0.232113003730774
2.4431300163269 0.23165300488472
2.44018006324768 0.231185004115105
2.43719005584717 0.230708003044128
2.43417000770569 0.230222001671791
2.4310998916626 0.229726999998093
2.42799997329712 0.229221999645233
2.42484998703003 0.228707000613213
2.42165994644165 0.228183001279831
2.41843008995056 0.227648004889488
2.4151599407196 0.227101996541023
2.41184997558594 0.226545006036758
2.40848994255066 0.225976005196571
2.40509009361267 0.225396007299423
2.40163993835449 0.224803999066353
2.39813995361328 0.224198997020721
2.39459991455078 0.223580002784729
2.39101004600525 0.222948998212814
2.38737988471985 0.222303003072739
2.38491988182068 0.221863999962807
2.38245010375977 0.221419006586075
2.37995004653931 0.220966994762421
2.3774299621582 0.220507994294167
2.37489008903503 0.220042005181313
2.37232995033264 0.219568997621536
2.36974000930786 0.21908800303936
2.36713004112244 0.218599006533623
2.36449003219604 0.218103006482124
2.36184000968933 0.217598006129265
2.35914993286133 0.217085003852844
2.35644006729126 0.216563001275063
2.35370993614197 0.21603199839592
2.35096001625061 0.215491995215416
2.34817004203796 0.214943006634712
2.34536004066467 0.214383006095886
2.34253001213074 0.213814005255699
2.33966994285583 0.213234007358551
2.33679008483887 0.212643995881081
2.33386993408203 0.21204300224781
2.33094000816345 0.211429998278618
2.32797002792358 0.210804998874664
2.32498002052307 0.21016800403595
2.32195997238159 0.209518000483513
2.31890988349915 0.208854004740715
2.31582999229431 0.208177000284195
2.31273007392883 0.207486003637314
2.30960011482239 0.206779003143311
2.30644011497498 0.206056997179985
2.3032500743866 0.205319002270699
2.30004000663757 0.20456300675869
2.29678988456726 0.203789994120598
2.29351997375488 0.202997997403145
2.29021000862122 0.20218600332737
2.2868800163269 0.201353996992111
2.28351998329163 0.200499996542931
2.28012990951538 0.199623003602028
2.27671003341675 0.198722004890442
2.27326989173889 0.197795003652573
2.26978993415833 0.19684100151062
2.26628994941711 0.195858001708984
2.26275992393494 0.194843992590904
2.25921010971069 0.193795993924141
2.2556300163269 0.192713007330894
2.25202989578247 0.191590994596481
2.24840998649597 0.190427005290985
2.24476003646851 0.189217999577522
2.24111008644104 0.187959998846054
2.23743009567261 0.186646997928619
2.2337601184845 0.185275003314018
2.23007988929749 0.183836996555328
2.22639989852905 0.182324007153511
2.22274994850159 0.180729001760483
2.21913003921509 0.179040998220444
2.21555995941162 0.177246004343033
2.21208000183105 0.175331994891167
2.2087299823761 0.173280999064445
2.20265007019043 0.168696001172066
2.19637989997864 0.157546997070313
2.1965799331665 0.15548899769783
2.19910001754761 0.150242999196053
2.20369005203247 0.145670995116234
2.20954990386963 0.141692996025085
2.21620988845825 0.138180002570152
2.22338008880615 0.13502499461174
2.23092007637024 0.132155001163483
2.23871994018555 0.129515007138252
2.24670004844666 0.127064004540443
2.25482988357544 0.124773003160954
2.26306009292603 0.122617997229099
2.27135992050171 0.12058100104332
2.27973008155823 0.118648000061512
2.28813004493713 0.116806998848915
2.29655003547668 0.115047000348568
2.30499005317688 0.113361999392509
2.3134400844574 0.111744001507759
2.32188010215759 0.110187001526356
2.33031010627747 0.108685001730919
2.33872008323669 0.107235997915268
2.3471200466156 0.105833999812603
2.35547995567322 0.104477003216743
2.36382007598877 0.103160999715328
2.37211990356445 0.101883001625538
2.38038992881775 0.100642003118992
2.38860988616943 0.0994348973035812
2.39679002761841 0.0982600003480911
2.40493011474609 0.0971153974533081
2.41300988197327 0.0959995985031128
2.42105007171631 0.0949110016226768
2.42902994155884 0.0938483029603958
2.43695998191833 0.0928101986646652
2.44483995437622 0.0917956978082657
2.45265007019043 0.0908036977052689
2.46041011810303 0.089833103120327
2.46811008453369 0.0888829976320267
2.47574996948242 0.0879527032375336
2.48331999778748 0.0870413035154343
2.4908299446106 0.0861480012536049
2.49828004837036 0.0852722972631454
2.50565004348755 0.0844132974743843
2.51296997070313 0.0835705995559692
2.5202100276947 0.0827436000108719
2.52739000320435 0.0819317027926445
2.53449010848999 0.0811342969536781
2.54152989387512 0.0803510993719101
2.54849004745483 0.0795816034078598
2.55538988113403 0.0788253024220467
2.56221008300781 0.078081801533699
2.56895995140076 0.0773506984114647
2.5756299495697 0.0766317024827003
2.58223009109497 0.0759243965148926
2.5887598991394 0.0752284973859787
2.59521007537842 0.0745436027646065
2.6015899181366 0.0738694965839386
2.60788989067078 0.073205903172493
2.61410999298096 0.0725523978471756
2.62026000022888 0.0719088986515999
2.62632989883423 0.0712750032544136
2.6323299407959 0.0706505998969078
2.63824009895325 0.0700353011488914
2.64407992362976 0.0694290027022362
2.64984011650085 0.0688313990831375
2.65552997589111 0.0682424008846283
2.66112995147705 0.0676617026329041
2.66666007041931 0.0670892000198364
2.67211008071899 0.0665246024727821
2.67746996879578 0.0659677982330322
2.68276000022888 0.0654186010360718
2.68797993659973 0.0648768022656441
2.69310998916626 0.0643422976136208
2.69815993309021 0.0638149976730347
2.70313000679016 0.0632945969700813
2.70802998542786 0.062780998647213
2.71284008026123 0.0622741989791393
2.71758008003235 0.0617738999426365
2.72223997116089 0.0612800009548664
2.72680997848511 0.060792401432991
2.73130989074707 0.0603110007941723
2.73572993278503 0.0598356984555721
2.740070104599 0.059366300702095
2.74432992935181 0.0589026995003223
2.74851989746094 0.0584448985755444
2.75261998176575 0.0579925999045372
2.7566499710083 0.0575459003448486
2.76059007644653 0.0571045987308025
2.76446008682251 0.0566685982048512
2.76826000213623 0.0562377981841564
2.77197003364563 0.0558121018111706
2.77559995651245 0.055391501635313
2.7791600227356 0.054975800216198
2.78263998031616 0.0545650012791157
2.78605008125305 0.0541588999330997
2.78937005996704 0.0537576004862785
2.79261994361877 0.0533608011901379
2.79579997062683 0.0529686994850636
2.79889988899231 0.052580900490284
2.80191993713379 0.0521976016461849
2.80486989021301 0.0518186017870903
2.80773997306824 0.0514439009130001
2.81052994728088 0.0510733015835285
2.81326007843018 0.0507069006562233
2.81503009796143 0.0504648014903069
2.81620001792908 0.0503044985234737
2.81696009635925 0.0501979999244213
2.81747007369995 0.050127200782299
2.81781005859375 0.0500800982117653
2.81803011894226 0.0500487014651299
2.81818008422852 0.0500277988612652
2.81838011741638 0.0500000007450581
2.81838011741638 0.0500000007450581
2.81857991218567 0.0499721989035606
2.8187301158905 0.0499513000249863
2.81894993782043 0.0499201007187366
2.81927990913391 0.0498732998967171
2.81978011131287 0.0498032011091709
2.8205099105835 0.0496984012424946
2.82160997390747 0.0495417006313801
2.82322001457214 0.0493081994354725
2.82557988166809 0.0489610992372036
2.82786989212036 0.0486177988350391
2.83009004592896 0.0482782013714314
2.83223009109497 0.0479421988129616
2.83431005477905 0.0476097017526627
2.83630990982056 0.0472809001803398
2.83823990821838 0.0469554997980595
2.84010004997253 0.0466335006058216
2.84189009666443 0.046314898878336
2.84361004829407 0.045999601483345
2.84526991844177 0.0456876009702682
2.84684991836548 0.0453789010643959
2.84837007522583 0.0450733006000519
2.84981989860535 0.0447709001600742
2.85120010375977 0.0444715991616249
2.85251998901367 0.0441753007471561
2.85376000404358 0.0438821017742157
2.85494995117188 0.0435918010771275
2.85606002807617 0.0433043986558914
2.85712003707886 0.0430198982357979
2.85809993743896 0.0427382998168468
2.85903000831604 0.04245949909091
2.85988998413086 0.0421833992004395
2.86069011688232 0.0419101007282734
2.86141991615295 0.0416394993662834
2.86209011077881 0.0413714982569218
2.86269998550415 0.0411062017083168
2.86325001716614 0.0408434011042118
2.86373996734619 0.0405832007527351
2.86417007446289 0.0403256006538868
2.86454010009766 0.0400703996419907
2.86485004425049 0.039817601442337
2.86509990692139 0.0395672991871834
2.86536002159119 0.0391963012516499
2.86549997329712 0.0388306006789207
2.86552000045776 0.0385719016194344
2.86523008346558 0.0378631018102169
2.86444997787476 0.0371739007532597
2.86317992210388 0.0365036018192768
2.86144995689392 0.0358515009284019
2.8592700958252 0.0352169014513493
2.85664010047913 0.0345993004739285
2.85357999801636 0.0339979007840157
2.85011005401611 0.0334121994674206
2.84624004364014 0.0328418016433716
2.84196996688843 0.0322858989238739
2.83733010292053 0.0317442007362843
2.83232998847961 0.031216099858284
2.82697010040283 0.0307011995464563
2.82125997543335 0.0301990006119013
2.81522989273071 0.0297091994434595
2.8088800907135 0.0292311999946833
2.80222988128662 0.0287647992372513
2.79526996612549 0.0283094998449087
2.78803992271423 0.0278650000691414
2.78052997589111 0.0274308994412422
2.77274990081787 0.0270068999379873
2.76471996307373 0.0265928003937006
2.75644993782043 0.0261880997568369
2.74795007705688 0.0257925000041723
2.73921990394592 0.0254059005528688
2.73026990890503 0.0250279996544123
2.72112011909485 0.0246584005653858
2.71177005767822 0.0242969002574682
2.70223999023438 0.0239432994276285
2.69251990318298 0.0235973000526428
2.68263006210327 0.0232587996870279
2.6725800037384 0.02292750030756
2.66237998008728 0.0226032007485628
2.65201997756958 0.0222856998443604
2.64152002334595 0.0219748001545668
2.63088989257813 0.0216703005135059
2.62013006210327 0.0213721003383398
2.60925006866455 0.0210798997431993
2.59825992584229 0.0207937005907297
2.58716011047363 0.0205131992697716
2.57594990730286 0.0202382002025843
2.56466007232666 0.0199688002467155
2.55327010154724 0.0197046007961035
2.54180002212524 0.0194454994052649
2.53025007247925 0.01919149979949
2.51862001419067 0.0189424008131027
2.50693011283875 0.0186979994177818
2.4951798915863 0.0184582993388176
2.48337006568909 0.0182230994105339
2.47149991989136 0.0179923009127378
2.45958995819092 0.0177657008171082
2.44762992858887 0.0175433997064829
2.43563008308411 0.0173252001404762
2.42358994483948 0.0171108990907669
2.41152000427246 0.0169005002826452
2.3994300365448 0.0166938994079828
2.38731002807617 0.01649110019207
2.37515997886658 0.0162918008863926
2.36300992965698 0.0160959996283054
2.350830078125 0.0159037001430988
2.33864998817444 0.0157147999852896
2.32645010948181 0.0155290998518467
2.31426000595093 0.0153467003256083
2.30205988883972 0.0151672996580601
2.28986001014709 0.0149910999462008
2.2739999294281 0.0147663000971079
2.25816011428833 0.01454639993608
2.2423300743103 0.0143312998116016
2.22652006149292 0.0141209000721574
2.2107400894165 0.0139148999005556
2.1949999332428 0.0137133002281189
2.17929005622864 0.0135159995406866
2.16361999511719 0.0133228003978729
2.14800000190735 0.0131336003541946
2.1324200630188 0.0129482997581363
2.1168999671936 0.0127667998895049
2.10143995285034 0.0125890001654625
2.08604001998901 0.0124148996546865
2.07069993019104 0.0122442003339529
2.055419921875 0.0120769003406167
2.04022002220154 0.0119129996746778
2.02507996559143 0.0117522999644279
2.0100200176239 0.0115946996957064
1.99503004550934 0.0114401997998357
1.9801299571991 0.0112886996939778
1.96529996395111 0.0111402003094554
1.95054996013641 0.0109943998977542
1.93588995933533 0.0108513999730349
1.92131996154785 0.0107111996039748
1.90682995319366 0.0105734998360276
1.89242994785309 0.0104384999722242
1.87811994552612 0.0103059001266956
1.86389994621277 0.0101757999509573
1.84976994991302 0.0100480997934937
1.83573997020721 0.0099227000027895
1.82179999351501 0.00979959033429623
1.80796003341675 0.00967868976294994
1.7942099571228 0.00955996010452509
1.78056001663208 0.00944335013628006
1.767009973526 0.00932880956679583
1.75355005264282 0.00921628996729851
1.74019002914429 0.00910575035959482
1.72694003582001 0.00899713020771742
1.71378004550934 0.00889039970934391
1.70071995258331 0.00878551043570042
1.68775999546051 0.00868241954594851
1.67490005493164 0.00858108978718519
1.66214001178741 0.00848148018121719
1.64947998523712 0.00838355999439955
1.63691997528076 0.0082872798666358
1.62445998191833 0.00819260999560356
1.61210000514984 0.00809951964765787
1.59984004497528 0.0080079697072506
1.58768999576569 0.00791793037205935
1.5756299495697 0.00782935973256826
1.56367003917694 0.00774224009364843
1.55181002616882 0.00765653001144528
1.54005002975464 0.00757220014929771
1.52839004993439 0.00748923001810908
1.51681995391846 0.00740758003666997
1.50536000728607 0.00732723996043205
1.49398994445801 0.00724815996363759
1.48272001743317 0.00717032980173826
1.47154998779297 0.00709372013807297
1.46046996116638 0.00701831001788378
1.44948995113373 0.00694407010450959
1.43860995769501 0.00687097012996674
1.4278199672699 0.00679899984970689
1.4171199798584 0.00672812992706895
1.40652000904083 0.00665833987295628
1.39601004123688 0.00658959988504648
1.38559997081757 0.00652190996333957
1.37527000904083 0.00645523006096482
1.36503994464874 0.00638954993337393
1.35490000247955 0.00632485002279282
1.34485995769501 0.00626110006123781
1.33490002155304 0.00619830004870892
1.32502996921539 0.00613640993833542
1.31525003910065 0.00607543019577861
1.3055499792099 0.00601533986628056
1.29595005512238 0.00595611985772848
1.28643000125885 0.00589775992557406
1.27699995040894 0.00584022980183363
1.2676500082016 0.00578352017328143
1.25838994979858 0.00572761986404657
1.24921000003815 0.00567250978201628
1.240110039711 0.00561818014830351
1.23109996318817 0.00556461978703737
1.22216999530792 0.00551179982721806
1.21332001686096 0.00545971980318427
1.20455002784729 0.00540836015716195
1.19586002826691 0.00535769993439317
1.18725001811981 0.00530774984508753
1.17871999740601 0.00525848008692265
1.17026996612549 0.00520987994968891
1.16190004348755 0.00516194012016058
1.15359997749329 0.00511464010924101
1.14537000656128 0.00506799016147852
1.13723003864288 0.00502196000888944
1.12915003299713 0.00497653987258673
1.12115001678467 0.00493173021823168
1.11322999000549 0.00488751009106636
1.10537004470825 0.00484387017786503
1.09758996963501 0.00480081001296639
1.08987998962402 0.00475829979404807
1.082239985466 0.0047163600102067
1.07466995716095 0.00467495014891028
1.06717002391815 0.00463407998904586
1.059730052948 0.00459374021738768
1.05236995220184 0.00455390987917781
1.04507005214691 0.00451460015028715
1.03784000873566 0.00447577983140945
1.03067004680634 0.00443744985386729
1.02356994152069 0.00439961021766067
1.01654005050659 0.00436223996803164
1.00955998897552 0.0043253400363028
1.00265002250671 0.00428890017792583
0.995808005332947 0.00425291014835238
0.989023983478546 0.00421736016869545
0.982302010059357 0.00418226001784205
0.975639998912811 0.00414757989346981
0.969039022922516 0.00411333004012704
0.962496995925903 0.00407950021326542
0.956013977527618 0.00404606992378831
0.949590027332306 0.00401304988190532
0.943222999572754 0.00398042984306812
0.936914026737213 0.00394820002838969
0.930661976337433 0.0039163501933217
0.924465000629425 0.00388488988392055
0.918325006961823 0.00385378999635577
0.912239015102386 0.00382307008840144
0.906207978725433 0.00379269989207387
0.90022999048233 0.00376268988475204
0.894306004047394 0.00373303005471826
0.888435006141663 0.00370371993631124
0.882615983486176 0.00367473997175694
0.876848995685577 0.00364610995166004
0.871133029460907 0.00361780007369816
0.86546802520752 0.00358981010504067
0.859852015972137 0.00356215005740523
0.854287028312683 0.0035347999073565
0.848770976066589 0.00350775988772511
0.843303024768829 0.0034810199867934
0.837882995605469 0.00345458998344839
0.832511007785797 0.00342846009880304
0.82718700170517 0.00340261007659137
0.821909010410309 0.00337705994024873
0.81667697429657 0.00335177988745272
0.811491012573242 0.00332678994163871
0.806349992752075 0.00330208009108901
0.801253974437714 0.00327763007953763
0.796202003955841 0.00325344991870224
0.791194021701813 0.00322954007424414
0.786230027675629 0.00320589006878436
0.781307995319366 0.00318248989060521
0.776428997516632 0.00315935001708567
0.771592020988464 0.0031364499591291
0.766797006130219 0.0031137999612838
0.762042999267578 0.00309139001183212
0.757330000400543 0.00306922011077404
0.752656996250153 0.00304729002527893
0.748025000095367 0.00302558997645974
0.743430972099304 0.00300411996431649
0.73887699842453 0.00298286997713149
0.734362006187439 0.00296184001490474
0.72988498210907 0.00294104008935392
0.725446999073029 0.00292044994421303
0.721045017242432 0.00290008005686104
0.716681003570557 0.00287990993820131
0.712354004383087 0.00285995006561279
0.708063006401062 0.00284019997343421
0.703809022903442 0.00282065011560917
0.699590027332306 0.00280130002647638
0.695406019687653 0.0027821499388665
0.691256999969482 0.00276319007389247
0.68714302778244 0.00274441996589303
0.683063983917236 0.00272584008052945
0.679018020629883 0.00270744995214045
0.675005972385406 0.00268924003466964
0.671027004718781 0.00267121009528637
0.667080998420715 0.00265336991287768
0.663166999816895 0.0026356999296695
0.659286022186279 0.00261819991283119
0.655436992645264 0.00260088010691106
0.651619017124176 0.00258372002281249
0.647832989692688 0.00256672990508378
0.644078016281128 0.00254990998655558
0.64035302400589 0.00253326003439724
0.636658012866974 0.00251676002517343
0.632993996143341 0.0025004199706018
0.629360020160675 0.00248425011523068
0.625753998756409 0.00246821995824575
0.622178971767426 0.00245234998874366
0.61863100528717 0.00243662996217608
0.615113019943237 0.00242106011137366
0.611622989177704 0.00240563997067511
0.608160972595215 0.00239037000574172
0.604726016521454 0.00237522996030748
0.601319015026093 0.0023602400906384
0.597939014434814 0.00234538991935551
0.59458601474762 0.0023306799121201
0.591260015964508 0.00231611006893218
0.587960004806519 0.00230166991241276
0.584686994552612 0.00228736991994083
0.581439018249512 0.0022732000797987
0.578216016292572 0.00225914991460741
0.575020015239716 0.00224523991346359
0.571847975254059 0.0022314500529319
0.568701028823853 0.00221779011189938
0.565578997135162 0.00220426009036601
0.562480986118317 0.00219083996489644
0.559406995773315 0.00217754999175668
0.556357026100159 0.0021643799263984
0.553331017494202 0.00215133000165224
0.550328016281128 0.00213838997296989
0.547348976135254 0.00212557008489966
0.544391989707947 0.00211286009289324
0.541459023952484 0.0021002700086683
0.538547992706299 0.00208778004162014
0.53565901517868 0.00207540998235345
0.532791972160339 0.00206315005198121
0.529946982860565 0.0020509900059551
0.527123987674713 0.00203894008882344
0.524322986602783 0.00202700006775558
0.521543025970459 0.00201515993103385
0.51878297328949 0.00200341991148889
0.516044974327087 0.00199179002083838
0.51332700252533 0.00198025000281632
0.510630011558533 0.00196881010197103
0.507952988147736 0.00195748009718955
0.505297005176544 0.00194623996503651
0.502659976482391 0.00193509005475789
0.500042974948883 0.0019240400288254
0.497444987297058 0.00191309000365436
0.494866997003555 0.00190221995580941
0.492307990789413 0.00189145002514124
0.489767998456955 0.00188076996710151
0.487246006727219 0.00187018001452088
0.484744012355804 0.00185968005098403
0.48225998878479 0.00184925994835794
0.47979399561882 0.00183893996290863
0.477346003055573 0.00182868994306773
0.474916011095047 0.0018185400404036
0.472503989934921 0.00180845998693258
0.47010999917984 0.00179847003892064
0.46773299574852 0.00178856996353716
0.465373009443283 0.00177873997017741
0.463030010461807 0.00176898995414376
0.460705012083054 0.00175933004356921
0.4583959877491 0.00174973998218775
0.456104010343552 0.00174023001454771
0.453828006982803 0.00173079001251608
0.451568990945816 0.00172143999952823
0.449326008558273 0.00171215005684644
0.44709900021553 0.0017029499867931
0.44488799571991 0.00169380998704582
0.442692995071411 0.00168474996462464
0.440513014793396 0.0016757600242272
0.438349008560181 0.00166684004943818
0.436199992895126 0.00165800005197525
0.434067010879517 0.00164922000840306
0.431948006153107 0.00164051004685462
0.429845005273819 0.00163187005091459
0.427756011486053 0.00162330002058297
0.425682008266449 0.00161479995585978
0.423622012138367 0.00160635996144265
0.421577006578445 0.00159799004904926
0.419546008110046 0.00158967997413129
0.417528986930847 0.00158143998123705
0.415526002645493 0.00157325994223356
0.413538008928299 0.00156513997353613
0.411561995744705 0.00155707995872945
0.409601002931595 0.0015490900259465
0.407653003931046 0.00154116004705429
0.405719012022018 0.00153329002205282
0.403798013925552 0.0015254799509421
0.401890009641647 0.00151772995013744
0.399994999170303 0.00151003000792116
0.398113012313843 0.0015024000313133
0.396243005990982 0.0014948199968785
0.394387006759644 0.00148730003274977
0.392542988061905 0.00147984002251178
0.39071199297905 0.00147242995444685
0.388893008232117 0.00146506994497031
0.387086004018784 0.00145778001751751
0.385291993618011 0.00145053002052009
0.383509010076523 0.00144333997741342
0.381738990545273 0.00143619999289513
0.379979997873306 0.00142911996226758
0.37823298573494 0.00142208999022841
0.376498013734818 0.00141509994864464
0.374774992465973 0.00140816997736692
0.373062998056412 0.00140128994826227
0.371362000703812 0.00139445997774601
0.369672000408173 0.00138767994940281
0.367994010448456 0.00138094997964799
0.366326987743378 0.00137426995206624
0.364670008420944 0.00136763998307288
0.363025009632111 0.0013610499445349
0.361389994621277 0.0013545099645853
0.359766989946365 0.0013480200432241
0.358152985572815 0.00134157005231827
0.356550991535187 0.00133517000358552
0.35495799779892 0.00132882001344115
0.353376001119614 0.00132250995375216
0.351805001497269 0.00131624995265156
0.350243002176285 0.00131002999842167
0.348691999912262 0.00130384997464716
0.3471499979496 0.00129772000946105
0.3456189930439 0.00129162997473031
0.34409698843956 0.00128557998687029
0.342584997415543 0.00127957004588097
0.341082990169525 0.00127361004706472
0.33959099650383 0.00126768997870386
0.338106989860535 0.0012618099572137
0.336634010076523 0.00125596998259425
0.33517000079155 0.00125017005484551
0.333714991807938 0.00124441005755216
0.332269012928009 0.00123867997899652
0.330832004547119 0.00123299995902926
0.329405009746552 0.00122735998593271
0.327986001968384 0.00122175994329154
0.326575994491577 0.00121619005221874
0.325174987316132 0.00121065997518599
0.32378301024437 0.00120516994502395
0.322400003671646 0.00119971996173263
0.321025013923645 0.00119430001359433
0.319658994674683 0.00118891999591142
0.318300992250443 0.00118358002509922
0.316951990127563 0.00117826997302473
0.315611004829407 0.00117299996782094
0.314278990030289 0.00116775999777019
0.312954008579254 0.00116255995817482
0.311637997627258 0.00115738995373249
0.310330003499985 0.00115225999616086
0.309029996395111 0.00114715995732695
0.30773800611496 0.00114208995364606
0.306452989578247 0.00113705999683589
0.305177003145218 0.00113205995876342
0.303907990455627 0.00112708995584399
0.302646994590759 0.00112215999979526
0.301393985748291 0.00111724995076656
0.300148010253906 0.00111237994860858
0.298909991979599 0.0011075499933213
0.297679990530014 0.00110273994505405
0.296456009149551 0.00109796004835516
0.295240014791489 0.00109321996569633
0.294032007455826 0.00108850002288818
0.292829990386963 0.00108382001053542
0.291635990142822 0.00107917003333569
0.290448993444443 0.00107453996315598
0.289269000291824 0.00106995005626231
0.288096010684967 0.00106538005638868
0.286929994821548 0.00106083997525275
0.285771012306213 0.00105634005740285
0.284619003534317 0.00105186004657298
0.283473014831543 0.00104740995448083
0.282335013151169 0.00104299001395702
0.281203001737595 0.00103858998045325
0.280077993869781 0.00103421998210251
0.278959006071091 0.00102988001890481
0.277846992015839 0.00102556997444481
0.276740998029709 0.00102128996513784
0.27564200758934 0.00101702997926623
0.274549007415771 0.00101280002854764
0.273463010787964 0.0010085899848491
0.272381991147995 0.00100440997630358
0.271308988332748 0.00100026000291109
0.270240992307663 0.000996127026155591
0.269178986549377 0.000992023968137801
0.268124014139175 0.0009879469871521
0.267075002193451 0.000983893987722695
0.266030997037888 0.000979866017587483
0.264993995428085 0.000975863018538803
0.263963013887405 0.000971884001046419
0.262937009334564 0.000967929023317993
0.261916995048523 0.000963999016676098
0.260904014110565 0.000960092002060264
0.259896010160446 0.000956209027208388
0.258893013000488 0.000952348986174911
0.25789600610733 0.000948512984905392
0.256904989480972 0.000944698986131698
0.255919992923737 0.000940909027121961
0.254940003156662 0.000937141012400389
0.253966003656387 0.000933395989704877
0.252997010946274 0.000929673027712852
0.252032995223999 0.000925972010008991
0.251074999570847 0.000922292994800955
0.250122010707855 0.00091863697161898
0.249174997210503 0.00091500097187236
0.248233005404472 0.000911386974621564
0.247296005487442 0.000907794979866594
0.246363997459412 0.000904223998077214
0.245437994599342 0.000900672981515527
0.244516000151634 0.000897144025657326
0.243599995970726 0.000893634976819158
0.242688998579979 0.000890146009624004
0.241781994700432 0.00088667799718678
0.240880995988846 0.00088323000818491
0.239985004067421 0.000879802973940969
0.239093005657196 0.000876394973602146
0.238206997513771 0.000873006007168442
0.237324997782707 0.000869637995492667
0.236448004841805 0.000866288028191775
0.235576003789902 0.000862958026118577
0.234707996249199 0.000859646999742836
0.233844995498657 0.000856355007272214
0.232987001538277 0.000853081990499049
0.232133999466896 0.000849828007631004
0.231285005807877 0.000846592010930181
0.230441004037857 0.00084337400039658
0.229600995779037 0.000840175023768097
0.228765994310379 0.000836993975099176
0.227935001254082 0.000833831029012799
0.227109000086784 0.000830685021355748
0.226287007331848 0.000827557989396155
0.225468993186951 0.000824448012281209
0.224656000733376 0.000821354973595589
0.223847001791 0.000818279979284853
0.223042994737625 0.000815221981611103
0.222241997718811 0.00081218098057434
0.221445992588997 0.000809156976174563
0.220653995871544 0.000806150026619434
0.219867005944252 0.000803160015493631
0.219082996249199 0.00080018601147458
0.218303993344307 0.000797228014562279
0.217528000473976 0.000794287014286965
0.216756999492645 0.000791362021118402
0.215990006923676 0.00078845297684893
0.215225994586945 0.000785560987424105
0.214467003941536 0.000782683026045561
0.213712006807327 0.000779822003096342
0.212960004806519 0.000776976987253875
0.21221299469471 0.000774145999457687
0.211468994617462 0.000771332008298486
0.210729002952576 0.000768531986977905
0.209993004798889 0.000765747972764075
0.209261000156403 0.00076297897612676
0.208533003926277 0.000760224997065961
0.207808002829552 0.000757484987843782
0.207086995244026 0.000754760985728353
0.206369996070862 0.000752051011659205
0.205656006932259 0.000749355007428676
0.204945996403694 0.000746674020774662
0.204239994287491 0.000744007993489504
0.203537002205849 0.00074135500472039
0.202838003635406 0.000738716975320131
0.202142000198364 0.000736091984435916
0.201450005173683 0.000733482011128217
0.200761005282402 0.000730886007659137
0.200075998902321 0.000728302984498441
0.199394002556801 0.000725733989384025
0.198715999722481 0.000723177974577993
0.198041006922722 0.000720635987818241
0.197369992733002 0.000718106981366873
0.196701005101204 0.000715591013431549
0.196036994457245 0.000713089015334845
0.195374995470047 0.000710599997546524
0.19471700489521 0.000708123028744012
0.194061994552612 0.000705659971572459
0.193409994244576 0.000703209021594375
0.1927620023489 0.000700770993717015
0.192117005586624 0.000698346004355699
0.191475003957748 0.000695933005772531
0.190835997462273 0.000693532987497747
0.190200001001358 0.000691145018208772
0.189566999673843 0.00068876997102052
0.18893800675869 0.000686405983287841
0.188310995697975 0.000684054975863546
0.187687993049622 0.00068171601742506
0.187068000435829 0.000679388002026826
0.186451002955437 0.000677073025144637
0.185836002230644 0.000674768991302699
0.185224995017052 0.00067247700644657
0.18461699783802 0.00067019701236859
0.184010997414589 0.000667928019538522
0.183409005403519 0.000665671017486602
0.182809993624687 0.000663425016682595
0.182212993502617 0.000661191006656736
0.181619003415108 0.000658967008348554
0.181027993559837 0.000656755000818521
0.180439993739128 0.0006545539945364
0.17985500395298 0.000652363989502192
0.179272994399071 0.000650184985715896
0.178692996501923 0.000648016983177513
0.178115993738174 0.000645859981887043
0.177542001008987 0.000643712992314249
0.1769710034132 0.000641577003989369
0.176402002573013 0.000639452016912401
0.175835996866226 0.000637336983345449
0.175273001194 0.000635233009234071
0.174713000655174 0.000633138988632709
0.174154996871948 0.000631054979749024
0.173599004745483 0.000628981972113252
0.173047006130219 0.000626917986664921
0.172497004270554 0.000624865002464503
0.171948999166489 0.000622821971774101
0.171404004096985 0.000620789011009037
0.170862004160881 0.00061876600375399
0.170322000980377 0.000616753008216619
0.169784992933273 0.00061474897665903
0.169249996542931 0.000612755015026778
0.168717995285988 0.000610771006904542
0.168188005685806 0.000608797010499984
0.167660996317863 0.000606831978075206
0.167135998606682 0.000604876026045531
0.1666129976511 0.000602930027525872
0.16609300673008 0.000600993982516229
0.165575996041298 0.000599066028371453
0.165059998631477 0.000597148027736694
0.164547994732857 0.000595238991081715
0.164037004113197 0.000593338976614177
0.163528993725777 0.000591447984334081
0.163022994995117 0.000589567003771663
0.162520006299019 0.000587693997658789
0.162018001079559 0.000585830013733357
0.161519005894661 0.000583974993787706
0.161023005843163 0.000582128006499261
0.160528004169464 0.000580290972720832
0.160035997629166 0.000578461971599609
0.159546002745628 0.000576641992665827
0.159059002995491 0.000574829988181591
0.158573001623154 0.000573027005884796
0.158089995384216 0.000571231998037547
0.15760900080204 0.000569445022847503
0.157130002975464 0.000567667011637241
0.156653001904488 0.000565898022614419
0.156177997589111 0.000564136018510908
0.155706003308296 0.000562382978387177
0.155235007405281 0.000560637970920652
0.154767006635666 0.000558900996111333
0.154301002621651 0.00055717199575156
0.153836995363235 0.000555451028048992
0.153374999761581 0.000553737976588309
0.152915000915527 0.000552033015992492
0.152456998825073 0.000550334982108325
0.152000993490219 0.00054864602861926
0.151546999812126 0.000546964001841843
0.151095002889633 0.000545290007721633
0.15064500272274 0.000543623988050967
0.150196999311447 0.000541965011507273
0.149750992655754 0.000540314009413123
0.149306997656822 0.000538669992238283
0.14886499941349 0.000537034007720649
0.148424997925758 0.000535405008122325
0.147986993193626 0.000533783982973546
0.147551000118256 0.000532170000951737
0.147116005420685 0.000530563003849238
0.146684005856514 0.000528963981196284
0.146253004670143 0.000527372001670301
0.145824998617172 0.000525787007063627
0.145398005843163 0.000524208997376263
0.144972994923592 0.000522637972608209
0.144549995660782 0.000521073990967125
0.144127994775772 0.00051951699424535
0.143709003925323 0.000517966982442886
0.143290996551514 0.000516424013767391
0.142875000834465 0.000514887971803546
0.142461001873016 0.000513358972966671
0.142048999667168 0.000511837017256767
0.141638994216919 0.000510320998728275
0.141230002045631 0.000508812023326755
0.140823006629944 0.000507309974636883
0.140417993068695 0.000505813979543746
0.140013992786407 0.000504325027577579
0.139612004160881 0.000502842012792826
0.139211997389793 0.000501365982927382
0.138814002275467 0.000499896996188909
0.13841700553894 0.00049843400483951
0.138022005558014 0.000496977008879185
0.137628003954887 0.000495526997838169
0.137236997485161 0.000494082982186228
0.136847004294395 0.000492645020131022
0.136457994580269 0.000491212995257229
0.136071994900703 0.000489788013510406
0.135685995221138 0.000488369027152658
0.135303005576134 0.000486956007080153
0.134920999407768 0.000485550001030788
0.134541004896164 0.000484149000840262
0.134161993861198 0.000482753996038809
0.133784994482994 0.000481366005260497
0.13340899348259 0.000479982991237193
0.133035004138947 0.000478606001706794
0.132662996649742 0.000477235007565469
0.132292002439499 0.000475870008813217
0.131922006607056 0.00047451100545004
0.131555005908012 0.000473157997475937
0.131188005208969 0.000471809995360672
0.130823001265526 0.000470469007268548
0.130459994077682 0.000469132995931432
0.1300980001688 0.000467801990453154
0.129738003015518 0.000466477009467781
0.129379004240036 0.000465157994767651
0.129022002220154 0.000463845004560426
0.128665998578072 0.000462536991108209
0.128312006592751 0.000461234012618661
0.127958998084068 0.000459937000414357
0.127607002854347 0.000458646012702957
0.127257004380226 0.00045735901221633
0.126908004283905 0.000456078996649012
0.126561000943184 0.000454802997410297
0.126214995980263 0.000453532993560657
0.125871002674103 0.000452269014203921
0.125527992844582 0.000451008992968127
0.125185996294022 0.000449754996225238
0.124845996499062 0.000448506005341187
0.124507002532482 0.000447261991212144
0.124168999493122 0.000446024001576006
0.123833000659943 0.000444789999164641
0.123498000204563 0.000443561992142349
0.123164996504784 0.000442338001448661
0.122832998633385 0.000441120006144047
0.122501999139786 0.000439906987594441
0.122171998023987 0.000438698014477268
0.121844001114368 0.000437495007645339
0.12151700258255 0.000436297006672248
0.121192000806332 0.00043510299292393
0.120866999030113 0.000433915003668517
0.120544001460075 0.000432731001637876
0.120223000645638 0.000431552005466074
0.1199019998312 0.00043037798604928
0.119583003222942 0.000429209001595154
0.119264997541904 0.000428044004365802
0.118949003517628 0.000426884012995288
0.11863300204277 0.000425728998379782
0.118318997323513 0.000424578989623114
0.118005998432636 0.00042343299719505
0.117693997919559 0.000422292010625824
0.117384001612663 0.000421155011281371
0.117075003683567 0.000420022988691926
0.11676699668169 0.00041889600106515
0.116460002958775 0.000417773000663146
0.116154000163078 0.000416655006119981
0.115850001573563 0.000415540998801589
0.115547001361847 0.0004144310078118
0.115244001150131 0.000413325993577018
0.114944003522396 0.00041222499567084
0.11464399844408 0.0004111290036235
0.114344999194145 0.000410036998800933
0.11404799669981 0.000408949999837205
0.113752000033855 0.000407866988098249
0.113456003367901 0.000406787992687896
0.113162003457546 0.000405713013606146
0.112870000302792 0.000404643011279404
0.112577997148037 0.000403576006647199
0.112286999821663 0.000402514007873833
0.111997999250889 0.000401456985855475
0.111708998680115 0.000400402990635484
0.111422002315521 0.000399353011744097
0.111135996878147 0.000398308009607717
0.110850997269154 0.00039726699469611
0.110567003488541 0.000396229006582871
0.110284000635147 0.00039519599522464
0.110002003610134 0.000394167000195011
0.109720997512341 0.000393141992390156
0.109442003071308 0.000392121000913903
0.109163001179695 0.000391103996662423
0.108884997665882 0.00039008999010548
0.10860899835825 0.000389080989407375
0.108332999050617 0.000388076005037874
0.108058996498585 0.000387073989259079
0.107785001397133 0.000386077008442953
0.107513003051281 0.000385082996217534
0.107242003083229 0.000384093000320718
0.106971003115177 0.000383106991648674
0.106701999902725 0.000382124009774998
0.106434002518654 0.00038114600465633
0.106165997684002 0.000380170997232199
0.105899997055531 0.000379200006136671
0.10563500225544 0.00037823201273568
0.105370000004768 0.000377268996089697
0.105107001960278 0.000376309006242082
0.104845002293587 0.000375352014089003
0.104583002626896 0.000374399998690933
0.104322999715805 0.000373449991457164
0.104062996804714 0.000372504990082234
0.103804998099804 0.000371562986401841
0.103546999394894 0.000370624999050051
0.103290997445583 0.000369690009392798
0.103035002946854 0.000368759006960317
0.102779999375343 0.000367831002222374
0.102526001632214 0.000366905995178968
0.102274000644684 0.0003659859939944
0.102021999657154 0.000365068000974134
0.101770997047424 0.00036415399517864
0.101521000266075 0.000363244005711749
0.101271003484726 0.000362337013939396
0.101023003458977 0.000361432990757748
0.100776001811028 0.000360533013008535
0.100529000163078 0.000359636003850028
0.10028400272131 0.000358741992386058
0.10003899782896 0.000357851997250691
0.0997952967882156 0.000356964999809861
0.0995524004101753 0.000356081000063568
0.0993103981018066 0.000355200987542048
0.0990692973136902 0.000354324001818895
0.0988290011882782 0.00035345001379028
0.0985895991325378 0.000352578994352371
0.0983510985970497 0.000351711001712829
0.0981134027242661 0.00035084699629806
0.097876600921154 0.000349985988577828
0.0976405963301659 0.000349128007655963
0.0974055007100105 0.000348272995324805
0.0971712023019791 0.00034742199932225
0.0969377979636192 0.000346573011483997
0.0967051014304161 0.000345728010870516
0.096473403275013 0.000344884989317507
0.0962423980236053 0.00034404601319693
0.0960123017430305 0.000343210005667061
0.0957830026745796 0.000342376006301492
0.0955545008182526 0.000341545994160697
0.09532680362463 0.000340719008818269
0.0950999036431313 0.000339894992066547
0.0948738977313042 0.000339074002113193
0.0946485996246338 0.00033825499122031
0.0944240987300873 0.00033743999665603
0.0942004024982452 0.000336627999786288
0.0939775034785271 0.000335819000611082
0.0937554016709328 0.000335012009600177
0.0935340970754623 0.00033420798717998
0.0933135002851486 0.000333408010192215
0.0930937975645065 0.000332610012264922
0.0928748026490211 0.000331815012032166
0.0926565006375313 0.000331023009493947
0.0924390032887459 0.000330234004650265
0.0922223031520844 0.000329447007970884
0.0920064002275467 0.000328663008986041
0.0917911976575851 0.00032788299722597
0.0915767028927803 0.000327104004099965
0.0913629978895187 0.000326328998198733
0.0911500006914139 0.000325556989992037
0.0909378007054329 0.000324786989949644
0.090726301074028 0.000324019987601787
0.0905155017971992 0.000323254993418232
0.0903054997324944 0.000322492996929213
0.0900961980223656 0.000321733998134732
0.0898875966668129 0.000320977997034788
0.0896797031164169 0.000320224004099146
0.0894725993275642 0.00031947300885804
0.0892662033438683 0.000318725011311471
0.08906040340662 0.000317978992825374
0.0888554006814957 0.000317236001137644
0.0886510983109474 0.000316494988510385
0.0884474962949753 0.000315757002681494
0.0882446020841599 0.000315022014547139
0.0880422964692116 0.000314289005473256
0.0878408029675484 0.00031355899409391
0.0876398980617523 0.000312830990878865
0.0874397978186607 0.000312106014462188
0.0872403010725975 0.000311382988002151
0.0870414972305298 0.000310662988340482
0.0868432968854904 0.000309944996843114
0.0866459012031555 0.000309230003040284
0.0864491015672684 0.000308516988297924
0.086252897977829 0.000307807000353932
0.0860574990510941 0.000307098991470411
0.0858627036213875 0.000306394009385258
0.0856684967875481 0.000305691006360576
0.0854749977588654 0.000304990011500195
0.0852821990847588 0.000304292014334351
0.0850899964570999 0.000303595996228978
0.0848983973264694 0.000302903004921973
0.084707498550415 0.000302211992675439
0.0845173001289368 0.000301522988593206
0.0843276008963585 0.000300837011309341
0.0841386020183563 0.000300153013085946
0.0839503034949303 0.000299470993923023
0.0837624967098236 0.000298792001558468
0.0835753977298737 0.000298114988254383
0.0833889022469521 0.000297440012218431
0.0832030028104782 0.000296768004773185
0.0830177962779999 0.00029609800549224
0.0828332006931305 0.000295430014375597
0.0826490968465805 0.000294764002319425
0.0824657008051872 0.00029410098795779
0.0822829008102417 0.000293440010864288
0.0821006968617439 0.000292781012831256
0.0819190964102745 0.000292123993858695
0.0817380994558334 0.000291469012154266
0.0815576985478401 0.000290816999040544
0.0813777968287468 0.000290166994091123
0.0811986029148102 0.000289518997306004
0.0810199975967407 0.000288873008685187
0.0808418989181519 0.00028822899912484
0.0806643962860107 0.00028758798725903
0.0804876014590263 0.000286949012661353
0.0803112015128136 0.00028631099849008
0.0801355019211769 0.000285676011117175
0.0799603015184402 0.000285043002804741
0.0797856971621513 0.000284412002656609
0.0796116963028908 0.000283784000203013
0.0794382989406586 0.000283156987279654
0.0792654007673264 0.000282532011624426
0.0790930017828941 0.000281910004559904
0.0789211988449097 0.000281288987025619
0.0787499994039536 0.0002806709962897
0.0785794034600258 0.000280053995084018
0.0784092023968697 0.000279439991572872
0.0782397016882896 0.000278827006695792
0.0780706033110619 0.000278216990409419
0.0779021978378296 0.000277609011391178
0.0777342021465302 0.000277001992799342
0.0775668025016785 0.000276398001005873
0.0773999989032745 0.00027579499874264
0.0772337019443512 0.000275194994173944
0.0770678967237473 0.000274596008239314
0.0769025981426239 0.000273999990895391
0.0767379030585289 0.000273404992185533
0.0765736997127533 0.000272812001639977
0.0764100030064583 0.000272222008788958
0.0762467980384827 0.000271633005468175
0.0760841965675354 0.000271046010311693
0.0759221017360687 0.000270460994215682
0.0757604017853737 0.000269876996753737
0.0755994021892548 0.00026929599698633
0.0754387974739075 0.000268717005383223
0.0752786993980408 0.000268139003310353
0.0751191005110741 0.000267563998932019
0.0749600008130074 0.000266990013187751
0.0748014971613884 0.000266418006503955
0.0746434032917023 0.000265848007984459
0.0744858980178833 0.0002652789989952
0.0743288025259972 0.000264712987700477
0.0741721987724304 0.000264147995039821
0.0740161016583443 0.000263585010543466
0.0738604962825775 0.000263024005107582
0.0737053975462914 0.000262465007835999
0.0735507979989052 0.000261907000094652
0.073396697640419 0.000261351000517607
0.0732429996132851 0.000260797009104863
0.0730898007750511 0.00026024499675259
0.0729371011257172 0.000259694992564619
0.0727849006652832 0.000259146007010713
0.0726331025362015 0.000258599000517279
0.0724819004535675 0.000258054002188146
0.0723311007022858 0.000257509993389249
0.0721807032823563 0.000256967992754653
0.0720307976007462 0.000256428000284359
0.0718813985586166 0.000255889986874536
0.0717324987053871 0.000255352992098778
0.0715840011835098 0.000254818005487323
0.0714360028505325 0.000254284008406103
0.0712883993983269 0.00025375300901942
0.0711413025856018 0.000253222999162972
0.0709946006536484 0.00025269400794059
0.0708483979105949 0.000252168014412746
0.0707025974988937 0.000251643010415137
0.0705572962760925 0.000251118995947763
0.0704123973846436 0.000250596989644691
0.0702679976820946 0.000250076991505921
0.0701240003108978 0.000249559001531452
0.0699805021286011 0.000249042001087219
0.0698373019695282 0.000248525990173221
0.0696946978569031 0.000248011987423524
0.0695523992180824 0.000247499992838129
0.0694105997681618 0.000246990006417036
0.0692692026495934 0.000246481009526178
0.0691282972693443 0.000245973002165556
0.0689878016710281 0.000245467002969235
0.0688477009534836 0.000244963011937216
0.0687080025672913 0.000244460010435432
0.0685688033699989 0.000243959002546035
0.0684299990534782 0.000243458998738788
0.068291500210762 0.000242961003095843
0.0681535974144936 0.000242463996983133
0.0680160000920296 0.000241968999034725
0.0678787976503372 0.000241475994698703
0.0677421018481255 0.000240983994444832
0.0676058009266853 0.000240492998273112
0.0674697980284691 0.000240003995713778
0.0673343017697334 0.000239515997236595
0.0671992003917694 0.000239030006923713
0.0670645013451576 0.000238545995671302
0.0669301971793175 0.000238061998970807
0.0667963027954102 0.000237580999964848
0.0666628032922745 0.00023710100504104
0.0665296986699104 0.000236621999647468
0.0663969963788986 0.000236143998336047
0.066264696419239 0.000235668005188927
0.0661327019333839 0.000235194005654193
0.0660011991858482 0.000234720995649695
0.0658700987696648 0.000234249004279263
0.0657392963767052 0.000233779006521218
0.0656090006232262 0.000233309998293407
0.065479002892971 0.000232842998229899
0.0653494000434875 0.000232377002248541
0.0652201995253563 0.000231912999879569
0.0650912970304489 0.000231448997510597
0.0649629011750221 0.000230987992836162
0.0648348033428192 0.000230527002713643
0.0647071003913879 0.00023006800620351
0.0645797997713089 0.000229609999223612
0.0644529014825821 0.000229154000408016
0.0643263012170792 0.000228699005674571
0.0642001032829285 0.000228246004553512
