-0.084585003554821 -0.0083204098045826
0.0149346003308892 0.00146907998714596
0.114454001188278 0.0112586002796888
0.213973999023438 0.0210481006652117
0.313493996858597 0.0308375991880894
0.413013011217117 0.0406270995736122
0.512533009052277 0.050416499376297
0.612052977085114 0.0602059997618198
0.711571991443634 0.0699955001473427
0.811092019081116 0.0797849968075752
0.910611987113953 0.0895745009183884
1.01013004779816 0.0993639975786209
1.10965001583099 0.109154000878334
1.20916998386383 0.118942998349667
1.30868995189667 0.128731995820999
1.40821003913879 0.138521999120712
1.50773000717163 0.148311004042625
1.60724997520447 0.158101007342339
1.7067699432373 0.167889997363091
1.80629003047943 0.177680000662804
1.90580999851227 0.187469005584717
1.96949994564056 0.193735003471375
2.00134992599487 0.196867004036903
2.0172700881958 0.198433995246887
2.02522993087769 0.19921700656414
2.02921009063721 0.199607998132706
2.03119993209839 0.199803993105888
2.03319001197815 0.200000002980232
2.03319001197815 0.200000002980232
2.03518009185791 0.200195997953415
2.03716993331909 0.200391992926598
2.04116010665894 0.200782999396324
2.04911994934082 0.201565995812416
2.06504011154175 0.203133001923561
2.09688997268677 0.20626500248909
2.16057991981506 0.212531000375748
2.2600998878479 0.222320005297661
2.35962009429932 0.232109993696213
2.45914006233215 0.241898998618126
2.55866003036499 0.251688987016678
2.65817999839783 0.261478006839752
2.75769996643066 0.271268010139465
2.8572199344635 0.281057000160217
2.95673990249634 0.290845990180969
3.05626010894775 0.300635993480682
3.15578007698059 0.310425013303757
3.25530004501343 0.320214986801147
3.35482001304626 0.330004006624222
3.45432996749878 0.339794009923935
3.55384993553162 0.349582999944687
3.65336990356445 0.3593730032444
3.75289011001587 0.369161993265152
3.85241007804871 0.378951996564865
3.95193004608154 0.388740986585617
4.0514497756958 0.39853098988533
4.15096998214722 0.408320009708405
4.25049018859863 0.418110013008118
4.35000991821289 0.42789900302887
4.44953012466431 0.437689006328583
4.54904985427856 0.447477996349335
4.64857006072998 0.457267999649048
4.74808979034424 0.4670569896698
4.84760999679565 0.476846992969513
4.94713020324707 0.486636012792587
5.04664993286133 0.496425986289978
5.14617013931274 0.50621497631073
5.245689868927 0.516004979610443
5.34521007537842 0.52579402923584
5.44472980499268 0.535583972930908
5.54425001144409 0.545373022556305
5.64377021789551 0.555163025856018
5.74328994750977 0.56495201587677
5.84281015396118 0.574742019176483
5.94232988357544 0.584531009197235
6.04185009002686 0.594321012496948
6.14136981964111 0.6041100025177
6.24089002609253 0.613900005817413
6.34041023254395 0.623688995838165
6.4399299621582 0.633478999137878
6.53945016860962 0.64326798915863
6.63895988464355 0.653057992458344
6.73848009109497 0.662846982479095
6.83799982070923 0.672636985778809
6.93752002716064 0.682425975799561
7.03704023361206 0.692215979099274
7.13655996322632 0.70200502872467
7.23608016967773 0.711794972419739
7.33559989929199 0.721584022045135
7.43512010574341 0.731374025344849
7.53463983535767 0.741163015365601
7.63416004180908 0.750953018665314
7.73367977142334 0.760742008686066
7.83319997787476 0.770532011985779
7.93272018432617 0.780321002006531
8.03223991394043 0.790111005306244
8.13175964355469 0.799899995326996
8.23128032684326 0.809689998626709
8.33080005645752 0.819478988647461
8.43031978607178 0.829268991947174
8.52984046936035 0.839057981967926
8.62936019897461 0.848847985267639
8.72887992858887 0.858636975288391
8.82839965820313 0.868426978588104
8.9279203414917 0.878216028213501
9.02744007110596 0.888005971908569
9.12695980072021 0.897795021533966
9.22647953033447 0.907585024833679
9.32600021362305 0.917374014854431
9.4255199432373 0.927164018154144
9.52503967285156 0.936953008174896
9.62456035614014 0.946743011474609
9.72408008575439 0.956532001495361
9.82359027862549 0.966322004795074
9.92311000823975 0.976110994815826
10.0226001739502 0.985899984836578
