2.81838011741638 1.6866899728775
2.81834006309509 1.68807005882263
2.81833004951477 1.68833005428314
2.81831002235413 1.6885199546814
2.81831002235413 1.68856000900269
2.81831002235413 1.68859004974365
2.8183000087738 1.68860995769501
2.8183000087738 1.68863999843597
2.8183000087738 1.68867003917694
2.81838011741638 1.68875002861023
2.81838011741638 1.68885004520416
2.81838011741638 1.68891000747681
2.81838011741638 1.68902003765106
2.81838011741638 1.68923997879028
2.81837010383606 1.68956995010376
2.81837010383606 1.69007003307343
2.81837010383606 1.69080996513367
2.81836009025574 1.69193005561829
2.81834006309509 1.69360995292664
2.81831002235413 1.69612002372742
2.81822991371155 1.6999100446701
2.81807994842529 1.70559000968933
2.81773996353149 1.71414005756378
2.81729006767273 1.72271001338959
2.81670999526978 1.73125004768372
2.81602001190186 1.73986005783081
2.81521010398865 1.74846994876862
2.81428003311157 1.757159948349
2.81325006484985 1.76578998565674
2.81209993362427 1.77441000938416
2.81083989143372 1.78292000293732
2.8094699382782 1.79151999950409
2.80801010131836 1.80009996891022
2.80644011497498 1.80883002281189
2.80476999282837 1.8173999786377
2.80300998687744 1.82595002651215
2.80116009712219 1.8342399597168
2.79922008514404 1.84272003173828
2.79719996452332 1.85116994380951
2.79508996009827 1.85989999771118
2.79291009902954 1.86831998825073
2.79064011573792 1.87671005725861
2.78831005096436 1.88510000705719
2.7859001159668 1.89342999458313
2.78342008590698 1.9017299413681
2.78087997436523 1.9099999666214
2.77694988250732 1.92234003543854
2.77289009094238 1.93461000919342
2.76869988441467 1.94681000709534
2.76438999176025 1.95893001556396
2.75996994972229 1.97098004817963
2.75545001029968 1.98289000988007
2.75082993507385 1.99477994441986
2.74612998962402 2.00659990310669
2.74132990837097 2.01813006401062
2.73644995689392 2.0297999382019
2.73149991035461 2.04139995574951
2.72648000717163 2.05288004875183
2.72140002250671 2.06435990333557
2.71624994277954 2.07576990127563
2.71104001998901 2.08714008331299
2.70578002929688 2.09851002693176
2.70046997070313 2.1098198890686
2.69511008262634 2.1213800907135
2.68969988822937 2.1325900554657
2.68425989151001 2.14374995231628
2.67877006530762 2.15495991706848
2.67046999931335 2.17155003547668
2.66210007667542 2.18806004524231
2.65367007255554 2.20453000068665
2.64516997337341 2.22087001800537
2.63662004470825 2.23712992668152
2.62802004814148 2.25307011604309
2.61937999725342 2.26919007301331
2.61070990562439 2.28523993492126
2.60199999809265 2.30067992210388
2.59326004981995 2.31661009788513
2.5845000743866 2.33249998092651
2.5757200717926 2.34769010543823
2.56692004203796 2.36367011070251
2.558109998703 2.37962007522583
2.54928994178772 2.396399974823
2.54046010971069 2.41230988502502
2.53163003921509 2.42821002006531
2.52279996871948 2.44439005851746
2.51396989822388 2.46026992797852
2.50515007972717 2.47614002227783
2.49633002281189 2.49222993850708
2.48751997947693 2.50809001922607
2.47871994972229 2.52395009994507
2.4699399471283 2.53986001014709
2.46116995811462 2.55572009086609
2.44805002212524 2.57955002784729
2.4349799156189 2.60312008857727
2.42196989059448 2.62699007987976
2.40900993347168 2.65090990066528
2.39612007141113 2.67422008514404
2.38330006599426 2.69822001457214
2.37054991722107 2.72230005264282
2.35788989067078 2.74639010429382
2.34531998634338 2.77095007896423
2.33283996582031 2.79561996459961
2.32046008110046 2.82087993621826
2.30207991600037 2.85823011398315
2.28395009040833 2.89584994316101
2.26608991622925 2.93425989151001
2.24850988388062 2.97235989570618
2.23122000694275 3.01076006889343
2.21425008773804 3.04905009269714
2.1975998878479 3.08796000480652
2.18128991127014 3.12719011306763
2.1653299331665 3.1654999256134
2.14972996711731 3.20526003837585
2.13452005386353 3.24534010887146
2.11968994140625 3.28535008430481
2.10524988174438 3.32692003250122
2.09121990203857 3.36883997917175
2.07760000228882 3.41206002235413
2.06439995765686 3.45463991165161
2.05162000656128 3.49756002426147
2.03926992416382 3.54128003120422
2.02734994888306 3.58481001853943
2.01585006713867 3.62866997718811
2.00478005409241 3.67304992675781
1.99414002895355 3.71741008758545
1.98390996456146 3.76204991340637
1.97411000728607 3.80569005012512
1.9646999835968 3.85062003135681
1.95568001270294 3.89578008651733
1.9470499753952 3.9379301071167
1.93877995014191 3.98326992988586
1.93087005615234 4.02878999710083
1.92329001426697 4.07469987869263
1.91601002216339 4.12199020385742
1.90902996063232 4.16946983337402
1.90230000019073 4.21787977218628
1.89581000804901 4.26568984985352
1.88951003551483 4.31365013122559
1.88337004184723 4.35928010940552
1.87733995914459 4.40761995315552
1.87135994434357 4.45606994628906
1.86537003517151 4.50370979309082
1.85926997661591 4.55237007141113
1.8529599905014 4.60106992721558
1.84626996517181 4.64949989318848
1.83896005153656 4.69808006286621
1.83066999912262 4.74637985229492
1.82072997093201 4.7949800491333
1.80786001682281 4.84072017669678
1.78910005092621 4.88101005554199
1.75943005084991 4.90268993377686
1.72948002815247 4.89413022994995
1.70492994785309 4.87554979324341
1.68218004703522 4.85339021682739
1.66031002998352 4.8289098739624
1.63900005817413 4.80325984954834
1.61809003353119 4.77740001678467
1.5974999666214 4.75062990188599
1.57716000080109 4.72356986999512
1.55706000328064 4.69681978225708
1.53717994689941 4.6694598197937
1.51749002933502 4.64199018478394
1.49801003932953 4.61443996429443
1.47871994972229 4.58683013916016
1.45963001251221 4.55916023254395
1.4407399892807 4.53176021575928
1.42203998565674 4.50402021408081
1.40354001522064 4.47624015808105
1.38524997234344 4.44954013824463
1.36714994907379 4.42179012298584
1.34925997257233 4.39400005340576
1.33159005641937 4.36687994003296
1.314120054245 4.33910989761353
1.29685997962952 4.31132984161377
1.27980995178223 4.27875995635986
1.26297998428345 4.25069999694824
1.24635994434357 4.22262001037598
1.2299599647522 4.19664001464844
1.21378004550934 4.16863012313843
1.19781005382538 4.14062023162842
1.18207001686096 4.10865020751953
1.16654002666473 4.08049011230469
1.15122997760773 4.05232000350952
1.13616001605988 4.02423000335693
1.1212899684906 3.99606990814209
1.10664999485016 3.96791005134583
1.09222996234894 3.93876004219055
1.07804000377655 3.91057991981506
1.06406998634338 3.88403010368347
1.05032002925873 3.86300992965698
1.03680002689362 3.83681011199951
1.02349996566772 3.81065011024475
1.01041996479034 3.78685998916626
0.997554004192352 3.76072001457214
0.98490697145462 3.73462009429932
0.97248500585556 3.71044993400574
0.96027398109436 3.68437004089355
0.954254984855652 3.67136001586914
0.948283970355988 3.65664005279541
0.942373991012573 3.64372992515564
0.936517000198364 3.63083004951477
0.930712997913361 3.62090992927551
0.924964010715485 3.60788989067078
0.919268012046814 3.59487009048462
0.913623988628387 3.58178997039795
0.90803200006485 3.56881999969482
0.902491986751556 3.5558500289917
0.897004008293152 3.54282999038696
0.891569972038269 3.52992010116577
0.886188983917236 3.51701998710632
0.880859017372131 3.50412011146545
0.875577986240387 3.49118995666504
0.870348989963531 3.47828006744385
0.865172982215881 3.46497011184692
0.860044002532959 3.45202994346619
0.85496598482132 3.43910002708435
0.84993702173233 3.42464995384216
0.844956994056702 3.41162991523743
0.840027987957001 3.39862990379333
0.835150003433228 3.38648009300232
0.83031702041626 3.37352991104126
0.825536012649536 3.36059999465942
0.820810973644257 3.34470009803772
0.816123008728027 3.33164000511169
0.811487019062042 3.31859993934631
0.806908011436462 3.3065299987793
0.802363991737366 3.29351997375488
0.797872006893158 3.28051996231079
0.793430984020233 3.26739001274109
0.789031028747559 3.25543999671936
0.786849975585938 3.24946999549866
0.78576397895813 3.2459499835968
0.784673988819122 3.24294996261597
0.783594012260437 3.2399799823761
0.782510995864868 3.23961997032166
0.781427979469299 3.23659992218018
0.780355989933014 3.23360991477966
0.779286980628967 3.23028993606567
0.77820098400116 3.22725009918213
0.777137994766235 3.22427010536194
0.776081025600433 3.2197699546814
0.774999976158142 3.21673989295959
0.77394700050354 3.21376991271973
0.772895991802216 3.21160006523132
0.77182400226593 3.20857000350952
0.770779013633728 3.20560002326965
0.769730985164642 3.20426988601685
0.768683016300201 3.20127010345459
0.767645001411438 3.19828009605408
0.766609013080597 3.19648003578186
0.765574991703033 3.19348001480103
0.764545977115631 3.19049000740051
0.76350599527359 3.18879008293152
0.762476980686188 3.18576002120972
0.76145601272583 3.18273997306824
0.760450005531311 3.18018007278442
0.759368002414703 3.17695999145508
0.758359014987946 3.1739399433136
0.757354021072388 3.16858005523682
0.756292998790741 3.16544008255005
0.755290985107422 3.16247010231018
0.754296004772186 3.1596200466156
0.753265023231506 3.15654993057251
0.752270996570587 3.15357995033264
0.751280009746552 3.15040993690491
0.750277996063232 3.14740991592407
0.749289989471436 3.1444399356842
0.748310983181 3.14232993125916
0.747322976589203 3.13932991027832
0.746344983577728 3.13634991645813
0.745369017124176 3.13363003730774
0.744387984275818 3.1306300163269
0.743417024612427 3.12765002250671
0.742449998855591 3.12503004074097
0.741478025913239 3.12202000617981
0.740516006946564 3.11901998519897
0.739552974700928 3.11618995666504
0.738590002059937 3.11316990852356
0.737636029720306 3.11016011238098
0.736675977706909 3.10676002502441
0.735722005367279 3.10369992256165
0.734776020050049 3.10067009925842
0.733829975128174 3.09699988365173
0.732887983322144 3.09394001960754
0.731949985027313 3.0908899307251
0.731006979942322 3.08805990219116
0.730071008205414 3.08500003814697
0.729140996932983 3.08194994926453
0.728214025497437 3.0784900188446
0.727288007736206 3.07543992996216
0.726365983486176 3.07238006591797
0.725441992282867 3.06928992271423
0.724979996681213 3.06774997711182
0.724521994590759 3.06622004508972
0.723833978176117 3.06353998184204
0.723147988319397 3.06123995780945
0.722464978694916 3.05893993377686
0.721778988838196 3.05667996406555
0.721095025539398 3.05436992645264
0.720417022705078 3.05207991600037
0.719739019870758 3.04922008514404
0.719062983989716 3.04692006111145
0.718388974666595 3.04462003707886
0.717712998390198 3.04224991798401
0.717038989067078 3.03994011878967
0.716369986534119 3.03763008117676
0.715699970722198 3.03480005264282
0.715031981468201 3.03249001502991
0.714366018772125 3.03017997741699
0.713699996471405 3.02760004997253
0.713034987449646 3.0252799987793
0.712373971939087 3.02295994758606
0.711713016033173 3.01996994018555
0.711053013801575 3.01764988899231
0.710397005081177 3.01533007621765
0.70973801612854 3.01255011558533
0.709082007408142 3.01021003723145
0.708429992198944 3.00788998603821
0.707774996757507 3.00448989868164
0.707123994827271 3.00215005874634
0.706475973129272 2.99981999397278
0.705821990966797 2.99784994125366
0.705173015594482 2.99572992324829
0.704530000686646 2.99361991882324
0.703877985477448 2.9942901134491
0.703234016895294 2.9921600818634
0.702593982219696 2.99004006385803
0.701964020729065 2.98889994621277
0.701308012008667 2.98671007156372
0.700673997402191 2.98458003997803
0.700043022632599 2.98252010345459
0.699388027191162 2.98030996322632
0.698758006095886 2.97818994522095
0.698117971420288 2.97425007820129
0.697488009929657 2.97213006019592
0.696861028671265 2.97002005577087
0.69624000787735 2.96800994873047
0.695611000061035 2.96587991714478
0.69498997926712 2.96376991271973
0.694364011287689 2.96434998512268
0.693729996681213 2.96216011047363
0.693112015724182 2.96002006530762
0.69250100851059 2.95776009559631
0.691884994506836 2.9556200504303
0.691272020339966 2.9534900188446
0.69064998626709 2.95142006874084
0.690029978752136 2.94924998283386
0.689420998096466 2.94710993766785
0.688800990581512 2.94555997848511
0.688180983066559 2.94337010383606
0.687575995922089 2.9412100315094
0.686964988708496 2.93940997123718
0.68606299161911 2.9361400604248
0.685764014720917 2.93506002426147
0.685415983200073 2.9325098991394
0.684562981128693 2.92948007583618
0.684337973594666 2.92867994308472
0.684103012084961 2.92211008071899
0.683452010154724 2.91984009742737
0.683229029178619 2.91907000541687
0.68300199508667 2.92120003700256
0.682775020599365 2.9203999042511
0.682552993297577 2.91961002349854
0.682326972484589 2.92231011390686
0.681858003139496 2.92060995101929
0.68163800239563 2.9198100566864
0.681428015232086 2.91880011558533
0.681083977222443 2.9175500869751
0.68086302280426 2.91674995422363
0.680540978908539 2.91599988937378
0.680172979831696 2.91463994979858
0.679843008518219 2.91342997550964
0.679516971111298 2.91164994239807
0.679132997989655 2.91025996208191
0.678804993629456 2.90906000137329
0.67848402261734 2.90774011611938
0.678112983703613 2.90637993812561
0.677785992622375 2.90518999099731
0.677305996417999 2.90370988845825
0.676782011985779 2.90178990364075
0.676294982433319 2.89999008178711
0.675810992717743 2.89765000343323
0.675273001194 2.89567995071411
0.674789011478424 2.89389991760254
0.674309015274048 2.89182996749878
0.673808991909027 2.88999009132385
0.67332798242569 2.88821005821228
0.672848999500275 2.88661003112793
0.672352015972137 2.8847599029541
0.671872973442078 2.88298988342285
0.671396017074585 2.88151001930237
0.670907974243164 2.87967991828918
0.670432984828949 2.87789011001587
0.669957995414734 2.87629008293152
0.669475018978119 2.87445998191833
0.669238984584808 2.87355995178223
0.669001996517181 2.87273001670837
0.668753027915955 2.87177991867065
0.668516993522644 2.87087988853455
0.668281972408295 2.86998009681702
0.668036997318268 2.86905002593994
0.667801976203918 2.86814999580383
0.66745001077652 2.86678004264832
0.667088985443115 2.86539006233215
0.666737973690033 2.86402988433838
0.666387975215912 2.86261010169983
0.66602498292923 2.86120009422302
0.66567599773407 2.85983991622925
0.66532701253891 2.8583300113678
0.664969980716705 2.85694003105164
0.664623022079468 2.85557007789612
0.664276003837585 2.85397005081177
0.663919985294342 2.85257005691528
0.663573980331421 2.85120010375977
0.663228988647461 2.84948992729187
0.662877023220062 2.84808993339539
0.662532985210419 2.84671998023987
0.66218900680542 2.84488010406494
0.661840975284576 2.84348011016846
0.661498010158539 2.84209990501404
0.661155998706818 2.8402099609375
0.660808980464935 2.83879995346069
0.660467028617859 2.83740997314453
0.660126984119415 2.83534002304077
0.659784018993378 2.83393001556396
0.659443974494934 2.8325400352478
0.659105002880096 2.83051991462708
0.658761024475098 2.8290901184082
0.658423006534576 2.82768988609314
0.658084988594055 2.82535004615784
0.657746970653534 2.82393002510071
0.657410025596619 2.82253003120422
0.657073974609375 2.82036995887756
0.656732022762299 2.81892991065979
0.656396985054016 2.81750988960266
0.65606302022934 2.81517004966736
0.655727028846741 2.81388998031616
0.655394017696381 2.81262993812561
0.655061006546021 2.81222009658813
0.65472400188446 2.81093001365662
0.654393017292023 2.80966997146606
0.654061019420624 2.80925989151001
0.653721988201141 2.80796003341675
0.653392016887665 2.80668997764587
0.653062999248505 2.80720996856689
0.652733981609344 2.8059298992157
0.652405977249146 2.80465006828308
0.652077972888947 2.80314993858337
0.651731014251709 2.80178999900818
0.651404023170471 2.80050992965698
0.651080012321472 2.80010008811951
0.650748014450073 2.79878997802734
0.650422990322113 2.79750990867615
0.650098979473114 2.7956600189209
0.650057971477509 2.79545998573303
0.650057971477509 2.79545998573303
