2.81838011741638 1.6866899728775
2.81834006309509 1.68528997898102
2.81833004951477 1.68502998352051
2.81831002235413 1.68482995033264
2.81831002235413 1.68479001522064
2.81831002235413 1.68476998806
2.8183000087738 1.68473994731903
2.8183000087738 1.68471002578735
2.8183000087738 1.68467998504639
2.81838011741638 1.68463003635406
2.81838011741638 1.68452000617981
2.81838011741638 1.68447005748749
2.81838011741638 1.68436002731323
2.81838011741638 1.68413996696472
2.81837010383606 1.68380999565125
2.81837010383606 1.68331003189087
2.81837010383606 1.68256998062134
2.81836009025574 1.68146002292633
2.81834006309509 1.67979001998901
2.81831002235413 1.67729997634888
2.81822991371155 1.6735600233078
2.81807994842529 1.6679699420929
2.81773996353149 1.6596200466156
2.81729006767273 1.65132999420166
2.81670999526978 1.64312994480133
2.81602001190186 1.63495004177094
2.81521010398865 1.62685000896454
2.81428003311157 1.6187299489975
2.81325006484985 1.61073994636536
2.81209993362427 1.60281002521515
2.81083989143372 1.59498000144958
2.8094699382782 1.58721005916595
2.80801010131836 1.57951998710632
2.80644011497498 1.57186996936798
2.80476999282837 1.56432998180389
2.80300998687744 1.55687999725342
2.80116009712219 1.54956996440887
2.79922008514404 1.54227995872498
2.79719996452332 1.53507995605469
2.79508996009827 1.52778995037079
2.79291009902954 1.52073001861572
2.79064011573792 1.51374995708466
2.78831005096436 1.50687003135681
2.7859001159668 1.50004005432129
2.78342008590698 1.49328994750977
2.78087997436523 1.48661005496979
2.77694988250732 1.47674000263214
2.77289009094238 1.46704995632172
2.76869988441467 1.45762002468109
2.76438999176025 1.44826996326447
2.75996994972229 1.43907999992371
2.75545001029968 1.42989003658295
2.75082993507385 1.42097997665405
2.74612998962402 1.4122200012207
2.74132990837097 1.40357005596161
2.73644995689392 1.3950799703598
2.73149991035461 1.38671004772186
2.72648000717163 1.37845003604889
2.72140002250671 1.37031996250153
2.71624994277954 1.36231994628906
2.71104001998901 1.35479998588562
2.70578002929688 1.34700000286102
2.70046997070313 1.33930003643036
2.69511008262634 1.33139002323151
2.68969988822937 1.32390999794006
2.68425989151001 1.31654000282288
2.67877006530762 1.30927002429962
2.67046999931335 1.29851996898651
2.66210007667542 1.28796994686127
2.65367007255554 1.2775000333786
2.64516997337341 1.26727998256683
2.63662004470825 1.25723004341125
2.62802004814148 1.2474000453949
2.61937999725342 1.23761999607086
2.61070990562439 1.22799003124237
2.60199999809265 1.21872997283936
2.59326004981995 1.20934998989105
2.5845000743866 1.20009005069733
2.5757200717926 1.19134998321533
2.56692004203796 1.18229997158051
2.558109998703 1.17337000370026
2.54928994178772 1.16433000564575
2.54046010971069 1.15568995475769
2.53163003921509 1.14715003967285
2.52279996871948 1.13831996917725
2.51396989822388 1.1298999786377
2.50515007972717 1.12156999111176
2.49633002281189 1.1132800579071
2.48751997947693 1.10510003566742
2.47871994972229 1.09700000286102
2.4699399471283 1.08903002738953
2.46116995811462 1.08108997344971
2.44805002212524 1.06930005550385
2.4349799156189 1.05769002437592
2.42196989059448 1.04620003700256
2.40900993347168 1.03485000133514
2.39612007141113 1.0234500169754
2.38330006599426 1.01232004165649
2.37054991722107 1.0013200044632
2.35788989067078 0.989902973175049
2.34531998634338 0.978802978992462
2.33283996582031 0.967791020870209
2.32046008110046 0.957334995269775
2.30207991600037 0.941384017467499
2.28395009040833 0.925185024738312
2.26608991622925 0.908879995346069
2.24850988388062 0.893315017223358
2.23122000694275 0.877914011478424
2.21425008773804 0.861817002296448
2.1975998878479 0.846476018428802
2.18128991127014 0.83127099275589
2.1653299331665 0.815681993961334
2.14972996711731 0.80051600933075
2.13452005386353 0.785470008850098
2.11968994140625 0.770210981369019
2.10524988174438 0.755133986473083
2.09121990203857 0.740163028240204
2.07760000228882 0.725188970565796
2.06439995765686 0.710223019123077
2.05162000656128 0.695357978343964
2.03926992416382 0.681285977363586
2.02734994888306 0.666851997375488
2.01585006713867 0.651861011981964
2.00478005409241 0.636976003646851
1.99414002895355 0.622241020202637
1.98390996456146 0.607146978378296
1.97411000728607 0.591938018798828
1.9646999835968 0.577085018157959
1.95568001270294 0.562316000461578
1.9470499753952 0.548371970653534
1.93877995014191 0.533329010009766
1.93087005615234 0.51834899187088
1.92329001426697 0.503364026546478
1.91601002216339 0.488548994064331
1.90902996063232 0.473769992589951
1.90230000019073 0.458793997764587
1.89581000804901 0.443805009126663
1.88951003551483 0.428788989782333
1.88337004184723 0.413672000169754
1.87733995914459 0.398151993751526
1.87135994434357 0.382488995790482
1.86537003517151 0.366816997528076
1.85926997661591 0.350771009922028
1.8529599905014 0.334304988384247
1.84626996517181 0.318087995052338
1.83896005153656 0.299883991479874
1.83066999912262 0.280699014663696
1.82072997093201 0.258747011423111
1.80786001682281 0.235357999801636
1.78910005092621 0.207917004823685
1.75943005084991 0.175999000668526
1.72948002815247 0.154835999011993
1.70492994785309 0.139135003089905
1.68218004703522 0.128778994083405
1.66031002998352 0.120059996843338
1.63900005817413 0.114315003156662
1.61809003353119 0.107276000082493
1.5974999666214 0.101144000887871
1.57716000080109 0.0973924025893211
1.55706000328064 0.0922601968050003
1.53717994689941 0.088686503469944
1.51749002933502 0.0865164026618004
1.49801003932953 0.0819886028766632
1.47871994972229 0.0800886005163193
1.45963001251221 0.0764243975281715
1.4407399892807 0.0754100009799004
1.42203998565674 0.0718448981642723
1.40354001522064 0.0697930008172989
1.38524997234344 0.0676572993397713
1.36714994907379 0.0671454966068268
1.34925997257233 0.0642286986112595
1.33159005641937 0.0626540035009384
1.314120054245 0.061031598597765
1.29685997962952 0.0594667010009289
1.27980995178223 0.058840699493885
1.26297998428345 0.0566675998270512
1.24635994434357 0.0560096018016338
1.2299599647522 0.0548785999417305
1.21378004550934 0.0532469004392624
1.19781005382538 0.0524169988930225
1.18207001686096 0.0512723997235298
1.16654002666473 0.0503212995827198
1.15122997760773 0.0492632016539574
1.13616001605988 0.0482273995876312
1.1212899684906 0.0478320010006428
1.10664999485016 0.0471193008124828
1.09222996234894 0.0459807999432087
1.07804000377655 0.045761801302433
1.06406998634338 0.0450733006000519
1.05032002925873 0.0444279983639717
1.03680002689362 0.0440771989524364
1.02349996566772 0.0424727015197277
1.01041996479034 0.0413180999457836
0.997554004192352 0.0413655005395412
0.98490697145462 0.0420110002160072
0.97248500585556 0.0405175983905792
0.96027398109436 0.0410136990249157
0.954254984855652 0.0398343987762928
0.948283970355988 0.0394814983010292
0.942373991012573 0.039681900292635
0.936517000198364 0.0394892990589142
0.930712997913361 0.0403975993394852
0.924964010715485 0.0390179008245468
0.919268012046814 0.0378837995231152
0.913623988628387 0.0370170995593071
0.90803200006485 0.0374981015920639
0.902491986751556 0.0380322001874447
0.897004008293152 0.038942601531744
0.891569972038269 0.0367630012333393
0.886188983917236 0.0359843000769615
0.880859017372131 0.0389744006097317
0.875577986240387 0.0367974005639553
0.870348989963531 0.0358799993991852
0.865172982215881 0.035768698900938
0.860044002532959 0.0353295989334583
0.85496598482132 0.0354470983147621
0.84993702173233 0.0369906015694141
0.844956994056702 0.0378038994967937
0.840027987957001 0.0359918996691704
0.835150003433228 0.0328946001827717
0.83031702041626 0.0340076982975006
0.825536012649536 0.0350215993821621
0.820810973644257 0.032184898853302
0.816123008728027 0.0328960008919239
0.811487019062042 0.0337821990251541
0.806908011436462 0.0323463007807732
0.802363991737366 0.0325337015092373
0.797872006893158 0.033185001462698
0.793430984020233 0.0345824994146824
0.789031028747559 0.0330425016582012
0.786849975585938 0.0328184999525547
0.78576397895813 0.0358700007200241
0.784673988819122 0.0360613986849785
0.783594012260437 0.0362109988927841
0.782510995864868 0.0345087982714176
0.781427979469299 0.03471440076828
0.780355989933014 0.0348994992673397
0.779286980628967 0.0311837997287512
0.77820098400116 0.0315157994627953
0.777137994766235 0.031835600733757
0.776081025600433 0.032650999724865
0.774999976158142 0.0320709012448788
0.77394700050354 0.0316540002822876
0.772895991802216 0.0358764007687569
0.77182400226593 0.0349018014967442
0.770779013633728 0.0341308005154133
0.769730985164642 0.0343737006187439
0.768683016300201 0.0346115007996559
0.767645001411438 0.0348192006349564
0.766609013080597 0.0346613004803658
0.765574991703033 0.0347695983946323
0.764545977115631 0.0348553992807865
0.76350599527359 0.0334603004157543
0.762476980686188 0.0333806984126568
0.76145601272583 0.0333839990198612
0.760450005531311 0.0297561008483171
0.759368002414703 0.0304387994110584
0.758359014987946 0.0310348998755217
0.757354021072388 0.0288590006530285
0.756292998790741 0.0293790996074677
0.755290985107422 0.0298669002950191
0.754296004772186 0.0322420001029968
0.753265023231506 0.0315339006483555
0.752270996570587 0.0310229994356632
0.751280009746552 0.0320901982486248
0.750277996063232 0.0321534983813763
0.749289989471436 0.0322382003068924
0.748310983181 0.0337304994463921
0.747322976589203 0.0331166014075279
0.746344983577728 0.032652098685503
0.745369017124176 0.0351311005651951
0.744387984275818 0.034935999661684
0.743417024612427 0.0341247990727425
0.742449998855591 0.0346629992127419
0.741478025913239 0.0347721017897129
0.740516006946564 0.0348486006259918
0.739552974700928 0.0336067005991936
0.738590002059937 0.0338234007358551
0.737636029720306 0.0340122990310192
0.736675977706909 0.0327435992658138
0.735722005367279 0.0329102985560894
0.734776020050049 0.0330977998673916
0.733829975128174 0.0328151993453503
0.732887983322144 0.0330462008714676
0.731949985027313 0.0332769006490707
0.731006979942322 0.0325093008577824
0.730071008205414 0.0327305011451244
0.729140996932983 0.032966498285532
0.728214025497437 0.0335710011422634
0.727288007736206 0.033882699906826
0.726365983486176 0.0341514013707638
0.725441992282867 0.0331111997365952
0.724979996681213 0.0332509018480778
0.724521994590759 0.0333839990198612
0.723833978176117 0.033059399574995
0.723147988319397 0.0332469008862972
0.722464978694916 0.0334219001233578
0.721778988838196 0.0326367989182472
0.721095025539398 0.0328368991613388
0.720417022705078 0.0330325998365879
0.719739019870758 0.0330036990344524
0.719062983989716 0.0332030989229679
0.718388974666595 0.0333887003362179
0.717712998390198 0.0328062996268272
0.717038989067078 0.0330149009823799
0.716369986534119 0.0332119017839432
0.715699970722198 0.0329066999256611
0.715031981468201 0.0331095010042191
0.714366018772125 0.0332982018589973
0.713699996471405 0.0327706001698971
0.713034987449646 0.0329824015498161
0.712373971939087 0.0331811010837555
0.711713016033173 0.0328079983592033
0.711053013801575 0.0330171994864941
0.710397005081177 0.0332119986414909
0.70973801612854 0.032574899494648
0.709082007408142 0.0327937006950378
0.708429992198944 0.0330015011131763
0.707774996757507 0.0324442982673645
0.707123994827271 0.0326626002788544
0.706475973129272 0.0328727997839451
0.705821990966797 0.0319155007600784
0.705173015594482 0.0321195982396603
0.704530000686646 0.0323319993913174
0.703877985477448 0.0315787009894848
0.703234016895294 0.0317462012171745
0.702593982219696 0.031938198953867
0.701964020729065 0.0344749018549919
0.701308012008667 0.0341612994670868
0.700673997402191 0.0331077985465527
0.700043022632599 0.0310932993888855
0.699388027191162 0.0310370996594429
0.698758006095886 0.0310180000960827
0.698117971420288 0.0319239012897015
0.697488009929657 0.0322577990591526
0.696861028671265 0.0325785987079144
0.69624000787735 0.0340673997998238
0.695611000061035 0.0341610014438629
0.69498997926712 0.0334466993808746
0.694364011287689 0.0335114002227783
0.693729996681213 0.0335975997149944
0.693112015724182 0.0336846001446247
0.69250100851059 0.0336773991584778
0.691884994506836 0.0337679013609886
0.691272020339966 0.0338599011301994
0.69064998626709 0.0322966985404491
0.690029978752136 0.0325819998979568
0.689420998096466 0.0328444987535477
0.688800990581512 0.0318108014762402
0.688180983066559 0.031572800129652
0.687575995922089 0.0314395986497402
0.686964988708496 0.0104836001992226
0.68606299161911 0.0107142999768257
0.685764014720917 0.0108371004462242
0.685415983200073 0.0216982997953892
0.684562981128693 0.0219042003154755
0.684337973594666 0.0219746008515358
0.684103012084961 0.0309405997395515
0.683452010154724 0.03076590038836
0.683229029178619 0.030715100467205
0.68300199508667 0.0322831012308598
0.682775020599365 0.0323114991188049
0.682552993297577 0.0323399007320404
0.682326972484589 0.0243774000555277
0.681858003139496 0.0247443001717329
0.68163800239563 0.0249218996614218
0.681428015232086 0.0326610989868641
0.681083977222443 0.032745499163866
0.68086302280426 0.0327995009720325
0.680540978908539 0.0316928997635841
0.680172979831696 0.0318428017199039
0.679843008518219 0.0319718010723591
0.679516971111298 0.0339080989360809
0.679132997989655 0.0339399017393589
0.678804993629456 0.0335679985582829
0.67848402261734 0.0340485982596874
0.678112983703613 0.0341541990637779
0.677785992622375 0.0338438004255295
0.677305996417999 0.0289894994348288
0.676782011985779 0.0292828995734453
0.676294982433319 0.0295484997332096
0.675810992717743 0.0278753992170095
0.675273001194 0.0278274994343519
0.674789011478424 0.027836799621582
0.674309015274048 0.029068099334836
0.673808991909027 0.0291789993643761
0.67332798242569 0.0293036997318268
0.672848999500275 0.0291508994996548
0.672352015972137 0.029136199504137
0.671872973442078 0.0291591994464397
0.671396017074585 0.0294233001768589
0.670907974243164 0.029365299269557
0.670432984828949 0.0293502006679773
0.669957995414734 0.0296212006360292
0.669475018978119 0.0295189004391432
0.669238984584808 0.0294867008924484
0.669001996517181 0.0298535004258156
0.668753027915955 0.0297448001801968
0.668516993522644 0.0296577997505665
0.668281972408295 0.0299900993704796
0.668036997318268 0.0298957992345095
0.667801976203918 0.0298194997012615
0.66745001077652 0.0303863007575274
0.667088985443115 0.0301920007914305
0.666737973690033 0.0300392992794514
0.666387975215912 0.0309130009263754
0.66602498292923 0.0306493993848562
0.66567599773407 0.0304364003241062
0.66532701253891 0.0311415009200573
0.664969980716705 0.0308657009154558
0.664623022079468 0.03063840046525
0.664276003837585 0.0315213017165661
0.663919985294342 0.0312012005597353
0.663573980331421 0.0309335999190807
0.663228988647461 0.0316976010799408
0.662877023220062 0.0313635990023613
0.662532985210419 0.0310814995318651
0.66218900680542 0.0317373014986515
0.661840975284576 0.0314025990664959
0.661498010158539 0.0311181992292404
0.661155998706818 0.0319176986813545
0.660808980464935 0.0315577983856201
0.660467028617859 0.0312509983778
0.660126984119415 0.0316689983010292
0.659784018993378 0.031344298273325
0.659443974494934 0.0310673005878925
0.659105002880096 0.0320284999907017
0.658761024475098 0.0316473990678787
0.658423006534576 0.0313219986855984
0.658084988594055 0.0315262004733086
0.657746970653534 0.0312178004533052
0.657410025596619 0.0309551991522312
0.657073974609375 0.0321258008480072
0.656732022762299 0.0317238010466099
0.656396985054016 0.0313812009990215
0.65606302022934 0.0315302982926369
0.655727028846741 0.0312195997685194
0.655394017696381 0.0309551991522312
0.655061006546021 0.0318561010062695
0.65472400188446 0.0314891003072262
0.654393017292023 0.0311769004911184
0.654061019420624 0.0323496982455254
0.653721988201141 0.0319216996431351
0.653392016887665 0.0315573997795582
0.653062999248505 0.0308714006096125
0.652733981609344 0.0306848008185625
0.652405977249146 0.0305323004722595
0.652077972888947 0.0331206992268562
0.651731014251709 0.0331814996898174
0.651404023170471 0.0332411006093025
0.651080012321472 0.0291597004979849
0.650748014450073 0.0292472001165152
0.650422990322113 0.0293406993150711
0.650098979473114 0.0329234004020691
0.650057971477509 0.0328451991081238
0.650057971477509 0.0328451991081238
